          46          43
           5
  0.00000E+00  0.00000E+00  0.50000E-01
  0.86603E-01  0.00000E+00  0.00000E+00
  0.86603E-01  0.00000E+00  0.00000E+00
 -0.86603E-01  0.00000E+00  0.00000E+00
 -0.86603E-01  0.00000E+00  0.00000E+00
  -1.1366  -1.0500  0.15688E-01
  -1.1366  -1.0000  0.61831E-02
  -1.1366  -0.9500  0.10574E-03
  -1.1366  -0.9000  0.53273E-02
  -1.1366  -0.8500  0.12991E-01
  -1.1366  -0.8000  0.12952E-01
  -1.1366  -0.7500  0.89326E-02
  -1.1366  -0.7000  0.10552E-01
  -1.1366  -0.6500  0.17349E-01
  -1.1366  -0.6000  0.19576E-01
  -1.1366  -0.5500  0.12569E-01
  -1.1366  -0.5000  0.30436E-02
  -1.1366  -0.4500  0.25360E-03
  -1.1366  -0.4000  0.55443E-02
  -1.1366  -0.3500  0.12658E-01
  -1.1366  -0.3000  0.15678E-01
  -1.1366  -0.2500  0.14272E-01
  -1.1366  -0.2000  0.12085E-01
  -1.1366  -0.1500  0.12226E-01
  -1.1366  -0.1000  0.14835E-01
  -1.1366  -0.0500  0.17808E-01
  -1.1366   0.0000  0.18809E-01
  -1.1366   0.0500  0.16783E-01
  -1.1366   0.1000  0.12492E-01
  -1.1366   0.1500  0.81152E-02
  -1.1366   0.2000  0.59099E-02
  -1.1366   0.2500  0.63429E-02
  -1.1366   0.3000  0.72666E-02
  -1.1366   0.3500  0.58032E-02
  -1.1366   0.4000  0.20057E-02
  -1.1366   0.4500  0.33379E-04
  -1.1366   0.5000  0.38200E-02
  -1.1366   0.5500  0.11297E-01
  -1.1366   0.6000  0.15619E-01
  -1.1366   0.6500  0.14041E-01
  -1.1366   0.7000  0.12417E-01
  -1.1366   0.7500  0.16318E-01
  -1.1366   0.8000  0.20365E-01
  -1.1366   0.8500  0.14844E-01
  -1.1366   0.9000  0.34453E-02
  -1.1366   0.9500  0.28287E-02
  -1.1366   1.0000  0.18297E-01
  -1.1366   1.0500  0.31910E-01
  -1.0866  -1.0500  0.15259E-01
  -1.0866  -1.0000  0.20310E-02
  -1.0866  -0.9500  0.17834E-02
  -1.0866  -0.9000  0.97920E-02
  -1.0866  -0.8500  0.11208E-01
  -1.0866  -0.8000  0.51061E-02
  -1.0866  -0.7500  0.38551E-02
  -1.0866  -0.7000  0.11727E-01
  -1.0866  -0.6500  0.18360E-01
  -1.0866  -0.6000  0.15290E-01
  -1.0866  -0.5500  0.81275E-02
  -1.0866  -0.5000  0.74799E-02
  -1.0866  -0.4500  0.14311E-01
  -1.0866  -0.4000  0.19884E-01
  -1.0866  -0.3500  0.17439E-01
  -1.0866  -0.3000  0.91949E-02
  -1.0866  -0.2500  0.21798E-02
  -1.0866  -0.2000  0.57279E-03
  -1.0866  -0.1500  0.32363E-02
  -1.0866  -0.1000  0.67678E-02
  -1.0866  -0.0500  0.90439E-02
  -1.0866   0.0000  0.98731E-02
  -1.0866   0.0500  0.95097E-02
  -1.0866   0.1000  0.76383E-02
  -1.0866   0.1500  0.41829E-02
  -1.0866   0.2000  0.77658E-03
  -1.0866   0.2500  0.42379E-03
  -1.0866   0.3000  0.45344E-02
  -1.0866   0.3500  0.10261E-01
  -1.0866   0.4000  0.12473E-01
  -1.0866   0.4500  0.98264E-02
  -1.0866   0.5000  0.73840E-02
  -1.0866   0.5500  0.10219E-01
  -1.0866   0.6000  0.15203E-01
  -1.0866   0.6500  0.14418E-01
  -1.0866   0.7000  0.82108E-02
  -1.0866   0.7500  0.74569E-02
  -1.0866   0.8000  0.16855E-01
  -1.0866   0.8500  0.23791E-01
  -1.0866   0.9000  0.15770E-01
  -1.0866   0.9500  0.35690E-02
  -1.0866   1.0000  0.94235E-02
  -1.0866   1.0500  0.32211E-01
  -1.0366  -1.0500  0.91901E-02
  -1.0366  -1.0000  0.26506E-02
  -1.0366  -0.9500  0.10168E-01
  -1.0366  -0.9000  0.14511E-01
  -1.0366  -0.8500  0.69303E-02
  -1.0366  -0.8000  0.30921E-03
  -1.0366  -0.7500  0.66919E-02
  -1.0366  -0.7000  0.18226E-01
  -1.0366  -0.6500  0.21182E-01
  -1.0366  -0.6000  0.17209E-01
  -1.0366  -0.5500  0.18332E-01
  -1.0366  -0.5000  0.26903E-01
  -1.0366  -0.4500  0.32131E-01
  -1.0366  -0.4000  0.25771E-01
  -1.0366  -0.3500  0.12786E-01
  -1.0366  -0.3000  0.43213E-02
  -1.0366  -0.2500  0.50413E-02
  -1.0366  -0.2000  0.10151E-01
  -1.0366  -0.1500  0.12374E-01
  -1.0366  -0.1000  0.91002E-02
  -1.0366  -0.0500  0.33727E-02
  -1.0366   0.0000  0.78589E-04
  -1.0366   0.0500  0.17115E-02
  -1.0366   0.1000  0.66027E-02
  -1.0366   0.1500  0.10374E-01
  -1.0366   0.2000  0.98175E-02
  -1.0366   0.2500  0.65031E-02
  -1.0366   0.3000  0.61365E-02
  -1.0366   0.3500  0.12565E-01
  -1.0366   0.4000  0.22168E-01
  -1.0366   0.4500  0.26854E-01
  -1.0366   0.5000  0.24259E-01
  -1.0366   0.5500  0.21358E-01
  -1.0366   0.6000  0.23631E-01
  -1.0366   0.6500  0.24691E-01
  -1.0366   0.7000  0.15794E-01
  -1.0366   0.7500  0.40020E-02
  -1.0366   0.8000  0.66670E-02
  -1.0366   0.8500  0.23653E-01
  -1.0366   0.9000  0.32049E-01
  -1.0366   0.9500  0.20131E-01
  -1.0366   1.0000  0.93115E-02
  -1.0366   1.0500  0.23076E-01
  -0.9866  -1.0500  0.11307E-01
  -0.9866  -1.0000  0.17184E-01
  -0.9866  -0.9500  0.24909E-01
  -0.9866  -0.9000  0.17433E-01
  -0.9866  -0.8500  0.29530E-02
  -0.9866  -0.8000  0.18526E-02
  -0.9866  -0.7500  0.14186E-01
  -0.9866  -0.7000  0.21932E-01
  -0.9866  -0.6500  0.19137E-01
  -0.9866  -0.6000  0.18524E-01
  -0.9866  -0.5500  0.27144E-01
  -0.9866  -0.5000  0.33701E-01
  -0.9866  -0.4500  0.26274E-01
  -0.9866  -0.4000  0.10552E-01
  -0.9866  -0.3500  0.24789E-02
  -0.9866  -0.3000  0.88781E-02
  -0.9866  -0.2500  0.21972E-01
  -0.9866  -0.2000  0.30298E-01
  -0.9866  -0.1500  0.29540E-01
  -0.9866  -0.1000  0.23015E-01
  -0.9866  -0.0500  0.15991E-01
  -0.9866   0.0000  0.11740E-01
  -0.9866   0.0500  0.11347E-01
  -0.9866   0.1000  0.14394E-01
  -0.9866   0.1500  0.18501E-01
  -0.9866   0.2000  0.19397E-01
  -0.9866   0.2500  0.14194E-01
  -0.9866   0.3000  0.61315E-02
  -0.9866   0.3500  0.39019E-02
  -0.9866   0.4000  0.12464E-01
  -0.9866   0.4500  0.25112E-01
  -0.9866   0.5000  0.30197E-01
  -0.9866   0.5500  0.26960E-01
  -0.9866   0.6000  0.26559E-01
  -0.9866   0.6500  0.32544E-01
  -0.9866   0.7000  0.31468E-01
  -0.9866   0.7500  0.15255E-01
  -0.9866   0.8000  0.21319E-02
  -0.9866   0.8500  0.14139E-01
  -0.9866   0.9000  0.39693E-01
  -0.9866   0.9500  0.46172E-01
  -0.9866   1.0000  0.30281E-01
  -0.9866   1.0500  0.23946E-01
  -0.9366  -1.0500  0.30782E-01
  -0.9366  -1.0000  0.39735E-01
  -0.9366  -0.9500  0.34498E-01
  -0.9366  -0.9000  0.13668E-01
  -0.9366  -0.8500  0.57989E-03
  -0.9366  -0.8000  0.78488E-02
  -0.9366  -0.7500  0.18454E-01
  -0.9366  -0.7000  0.15791E-01
  -0.9366  -0.6500  0.97384E-02
  -0.9366  -0.6000  0.15818E-01
  -0.9366  -0.5500  0.26817E-01
  -0.9366  -0.5000  0.24723E-01
  -0.9366  -0.4500  0.10095E-01
  -0.9366  -0.4000  0.13356E-02
  -0.9366  -0.3500  0.85798E-02
  -0.9366  -0.3000  0.22496E-01
  -0.9366  -0.2500  0.29324E-01
  -0.9366  -0.2000  0.26925E-01
  -0.9366  -0.1500  0.22978E-01
  -0.9366  -0.1000  0.23434E-01
  -0.9366  -0.0500  0.26849E-01
  -0.9366   0.0000  0.27963E-01
  -0.9366   0.0500  0.23921E-01
  -0.9366   0.1000  0.17090E-01
  -0.9366   0.1500  0.12665E-01
  -0.9366   0.2000  0.12944E-01
  -0.9366   0.2500  0.13883E-01
  -0.9366   0.3000  0.98044E-02
  -0.9366   0.3500  0.27776E-02
  -0.9366   0.4000  0.28993E-02
  -0.9366   0.4500  0.14249E-01
  -0.9366   0.5000  0.25396E-01
  -0.9366   0.5500  0.23999E-01
  -0.9366   0.6000  0.17585E-01
  -0.9366   0.6500  0.23500E-01
  -0.9366   0.7000  0.37390E-01
  -0.9366   0.7500  0.34884E-01
  -0.9366   0.8000  0.13684E-01
  -0.9366   0.8500  0.64528E-02
  -0.9366   0.9000  0.32143E-01
  -0.9366   0.9500  0.61954E-01
  -0.9366   1.0000  0.62290E-01
  -0.9366   1.0500  0.46131E-01
  -0.8866  -1.0500  0.54791E-01
  -0.8866  -1.0000  0.51849E-01
  -0.8866  -0.9500  0.31681E-01
  -0.8866  -0.9000  0.98618E-02
  -0.8866  -0.8500  0.85184E-02
  -0.8866  -0.8000  0.20211E-01
  -0.8866  -0.7500  0.19460E-01
  -0.8866  -0.7000  0.61542E-02
  -0.8866  -0.6500  0.43537E-02
  -0.8866  -0.6000  0.19570E-01
  -0.8866  -0.5500  0.30129E-01
  -0.8866  -0.5000  0.24504E-01
  -0.8866  -0.4500  0.18341E-01
  -0.8866  -0.4000  0.26043E-01
  -0.8866  -0.3500  0.37667E-01
  -0.8866  -0.3000  0.35507E-01
  -0.8866  -0.2500  0.19547E-01
  -0.8866  -0.2000  0.51801E-02
  -0.8866  -0.1500  0.29842E-02
  -0.8866  -0.1000  0.99496E-02
  -0.8866  -0.0500  0.17481E-01
  -0.8866   0.0000  0.20317E-01
  -0.8866   0.0500  0.17307E-01
  -0.8866   0.1000  0.96329E-02
  -0.8866   0.1500  0.19547E-02
  -0.8866   0.2000  0.18298E-02
  -0.8866   0.2500  0.12141E-01
  -0.8866   0.3000  0.24603E-01
  -0.8866   0.3500  0.27906E-01
  -0.8866   0.4000  0.23938E-01
  -0.8866   0.4500  0.25946E-01
  -0.8866   0.5000  0.35338E-01
  -0.8866   0.5500  0.34848E-01
  -0.8866   0.6000  0.18043E-01
  -0.8866   0.6500  0.86974E-02
  -0.8866   0.7000  0.26533E-01
  -0.8866   0.7500  0.48980E-01
  -0.8866   0.8000  0.42151E-01
  -0.8866   0.8500  0.19282E-01
  -0.8866   0.9000  0.23950E-01
  -0.8866   0.9500  0.58887E-01
  -0.8866   1.0000  0.81907E-01
  -0.8866   1.0500  0.75321E-01
  -0.8366  -1.0500  0.62841E-01
  -0.8366  -1.0000  0.49531E-01
  -0.8366  -0.9500  0.31366E-01
  -0.8366  -0.9000  0.24448E-01
  -0.8366  -0.8500  0.34127E-01
  -0.8366  -0.8000  0.37174E-01
  -0.8366  -0.7500  0.18389E-01
  -0.8366  -0.7000  0.10061E-02
  -0.8366  -0.6500  0.99926E-02
  -0.8366  -0.6000  0.31073E-01
  -0.8366  -0.5500  0.37794E-01
  -0.8366  -0.5000  0.35152E-01
  -0.8366  -0.4500  0.43510E-01
  -0.8366  -0.4000  0.57507E-01
  -0.8366  -0.3500  0.53495E-01
  -0.8366  -0.3000  0.29010E-01
  -0.8366  -0.2500  0.76649E-02
  -0.8366  -0.2000  0.59806E-02
  -0.8366  -0.1500  0.14837E-01
  -0.8366  -0.1000  0.16776E-01
  -0.8366  -0.0500  0.87977E-02
  -0.8366   0.0000  0.19647E-02
  -0.8366   0.0500  0.42012E-02
  -0.8366   0.1000  0.10176E-01
  -0.8366   0.1500  0.10034E-01
  -0.8366   0.2000  0.54247E-02
  -0.8366   0.2500  0.10119E-01
  -0.8366   0.3000  0.30135E-01
  -0.8366   0.3500  0.50674E-01
  -0.8366   0.4000  0.55052E-01
  -0.8366   0.4500  0.50605E-01
  -0.8366   0.5000  0.55108E-01
  -0.8366   0.5500  0.60614E-01
  -0.8366   0.6000  0.42907E-01
  -0.8366   0.6500  0.11906E-01
  -0.8366   0.7000  0.10666E-01
  -0.8366   0.7500  0.46979E-01
  -0.8366   0.8000  0.72553E-01
  -0.8366   0.8500  0.58089E-01
  -0.8366   0.9000  0.39977E-01
  -0.8366   0.9500  0.55791E-01
  -0.8366   1.0000  0.83805E-01
  -0.8366   1.0500  0.89846E-01
  -0.7866  -1.0500  0.56023E-01
  -0.7866  -1.0000  0.53622E-01
  -0.7866  -0.9500  0.54076E-01
  -0.7866  -0.9000  0.59852E-01
  -0.7866  -0.8500  0.63906E-01
  -0.7866  -0.8000  0.46078E-01
  -0.7866  -0.7500  0.13637E-01
  -0.7866  -0.7000  0.27823E-02
  -0.7866  -0.6500  0.21367E-01
  -0.7866  -0.6000  0.36544E-01
  -0.7866  -0.5500  0.33103E-01
  -0.7866  -0.5000  0.34377E-01
  -0.7866  -0.4500  0.50438E-01
  -0.7866  -0.4000  0.54339E-01
  -0.7866  -0.3500  0.30141E-01
  -0.7866  -0.3000  0.49800E-02
  -0.7866  -0.2500  0.10577E-01
  -0.7866  -0.2000  0.39232E-01
  -0.7866  -0.1500  0.57703E-01
  -0.7866  -0.1000  0.48949E-01
  -0.7866  -0.0500  0.25402E-01
  -0.7866   0.0000  0.98202E-02
  -0.7866   0.0500  0.13358E-01
  -0.7866   0.1000  0.27858E-01
  -0.7866   0.1500  0.33846E-01
  -0.7866   0.2000  0.21049E-01
  -0.7866   0.2500  0.45363E-02
  -0.7866   0.3000  0.10253E-01
  -0.7866   0.3500  0.38260E-01
  -0.7866   0.4000  0.58025E-01
  -0.7866   0.4500  0.54273E-01
  -0.7866   0.5000  0.51862E-01
  -0.7866   0.5500  0.68178E-01
  -0.7866   0.6000  0.72996E-01
  -0.7866   0.6500  0.40665E-01
  -0.7866   0.7000  0.10327E-01
  -0.7866   0.7500  0.32750E-01
  -0.7866   0.8000  0.83587E-01
  -0.7866   0.8500  0.10015E+00
  -0.7866   0.9000  0.81437E-01
  -0.7866   0.9500  0.75261E-01
  -0.7866   1.0000  0.88416E-01
  -0.7866   1.0500  0.90402E-01
  -0.7366  -1.0500  0.57257E-01
  -0.7366  -1.0000  0.81241E-01
  -0.7366  -0.9500  0.91971E-01
  -0.7366  -0.9000  0.89664E-01
  -0.7366  -0.8500  0.76306E-01
  -0.7366  -0.8000  0.45594E-01
  -0.7366  -0.7500  0.17625E-01
  -0.7366  -0.7000  0.20502E-01
  -0.7366  -0.6500  0.37163E-01
  -0.7366  -0.6000  0.31903E-01
  -0.7366  -0.5500  0.16205E-01
  -0.7366  -0.5000  0.24706E-01
  -0.7366  -0.4500  0.45393E-01
  -0.7366  -0.4000  0.39249E-01
  -0.7366  -0.3500  0.12681E-01
  -0.7366  -0.3000  0.92415E-02
  -0.7366  -0.2500  0.39343E-01
  -0.7366  -0.2000  0.68887E-01
  -0.7366  -0.1500  0.72691E-01
  -0.7366  -0.1000  0.60186E-01
  -0.7366  -0.0500  0.49126E-01
  -0.7366   0.0000  0.43007E-01
  -0.7366   0.0500  0.39291E-01
  -0.7366   0.1000  0.40162E-01
  -0.7366   0.1500  0.43903E-01
  -0.7366   0.2000  0.37701E-01
  -0.7366   0.2500  0.17494E-01
  -0.7366   0.3000  0.71956E-02
  -0.7366   0.3500  0.28849E-01
  -0.7366   0.4000  0.58374E-01
  -0.7366   0.4500  0.54854E-01
  -0.7366   0.5000  0.32723E-01
  -0.7366   0.5500  0.43575E-01
  -0.7366   0.6000  0.81041E-01
  -0.7366   0.6500  0.82849E-01
  -0.7366   0.7000  0.43352E-01
  -0.7366   0.7500  0.32723E-01
  -0.7366   0.8000  0.77685E-01
  -0.7366   0.8500  0.11901E+00
  -0.7366   0.9000  0.11832E+00
  -0.7366   0.9500  0.10866E+00
  -0.7366   1.0000  0.11015E+00
  -0.7366   1.0500  0.96827E-01
  -0.6866  -1.0500  0.80361E-01
  -0.6866  -1.0000  0.11773E+00
  -0.6866  -0.9500  0.11169E+00
  -0.6866  -0.9000  0.92198E-01
  -0.6866  -0.8500  0.79426E-01
  -0.6866  -0.8000  0.63319E-01
  -0.6866  -0.7500  0.53855E-01
  -0.6866  -0.7000  0.62108E-01
  -0.6866  -0.6500  0.58456E-01
  -0.6866  -0.6000  0.25428E-01
  -0.6866  -0.5500  0.58472E-02
  -0.6866  -0.5000  0.31483E-01
  -0.6866  -0.4500  0.63141E-01
  -0.6866  -0.4000  0.62061E-01
  -0.6866  -0.3500  0.54742E-01
  -0.6866  -0.3000  0.71324E-01
  -0.6866  -0.2500  0.85204E-01
  -0.6866  -0.2000  0.65467E-01
  -0.6866  -0.1500  0.34251E-01
  -0.6866  -0.1000  0.29120E-01
  -0.6866  -0.0500  0.47766E-01
  -0.6866   0.0000  0.59078E-01
  -0.6866   0.0500  0.46356E-01
  -0.6866   0.1000  0.25761E-01
  -0.6866   0.1500  0.26633E-01
  -0.6866   0.2000  0.51254E-01
  -0.6866   0.2500  0.68661E-01
  -0.6866   0.3000  0.67088E-01
  -0.6866   0.3500  0.77091E-01
  -0.6866   0.4000  0.10528E+00
  -0.6866   0.4500  0.10084E+00
  -0.6866   0.5000  0.47325E-01
  -0.6866   0.5500  0.18352E-01
  -0.6866   0.6000  0.63689E-01
  -0.6866   0.6500  0.11686E+00
  -0.6866   0.7000  0.10631E+00
  -0.6866   0.7500  0.74438E-01
  -0.6866   0.8000  0.88715E-01
  -0.6866   0.8500  0.12341E+00
  -0.6866   0.9000  0.12853E+00
  -0.6866   0.9500  0.12390E+00
  -0.6866   1.0000  0.13206E+00
  -0.6866   1.0500  0.11628E+00
  -0.6366  -1.0500  0.11249E+00
  -0.6366  -1.0000  0.13189E+00
  -0.6366  -0.9500  0.96129E-01
  -0.6366  -0.9000  0.84600E-01
  -0.6366  -0.8500  0.10873E+00
  -0.6366  -0.8000  0.12062E+00
  -0.6366  -0.7500  0.11611E+00
  -0.6366  -0.7000  0.10856E+00
  -0.6366  -0.6500  0.75285E-01
  -0.6366  -0.6000  0.22331E-01
  -0.6366  -0.5500  0.11504E-01
  -0.6366  -0.5000  0.56710E-01
  -0.6366  -0.4500  0.95518E-01
  -0.6366  -0.4000  0.10265E+00
  -0.6366  -0.3500  0.11622E+00
  -0.6366  -0.3000  0.13275E+00
  -0.6366  -0.2500  0.10176E+00
  -0.6366  -0.2000  0.34623E-01
  -0.6366  -0.1500  0.25738E-03
  -0.6366  -0.1000  0.14275E-01
  -0.6366  -0.0500  0.32805E-01
  -0.6366   0.0000  0.34265E-01
  -0.6366   0.0500  0.25112E-01
  -0.6366   0.1000  0.74829E-02
  -0.6366   0.1500  0.32419E-02
  -0.6366   0.2000  0.46495E-01
  -0.6366   0.2500  0.11304E+00
  -0.6366   0.3000  0.14226E+00
  -0.6366   0.3500  0.14241E+00
  -0.6366   0.4000  0.16315E+00
  -0.6366   0.4500  0.17385E+00
  -0.6366   0.5000  0.11146E+00
  -0.6366   0.5500  0.30603E-01
  -0.6366   0.6000  0.42443E-01
  -0.6366   0.6500  0.12564E+00
  -0.6366   0.7000  0.16472E+00
  -0.6366   0.7500  0.14416E+00
  -0.6366   0.8000  0.13695E+00
  -0.6366   0.8500  0.14678E+00
  -0.6366   0.9000  0.12851E+00
  -0.6366   0.9500  0.10829E+00
  -0.6366   1.0000  0.12598E+00
  -0.6366   1.0500  0.13041E+00
  -0.5866  -1.0500  0.13387E+00
  -0.5866  -1.0000  0.11365E+00
  -0.5866  -0.9500  0.65589E-01
  -0.5866  -0.9000  0.10174E+00
  -0.5866  -0.8500  0.17483E+00
  -0.5866  -0.8000  0.18765E+00
  -0.5866  -0.7500  0.15882E+00
  -0.5866  -0.7000  0.13460E+00
  -0.5866  -0.6500  0.93390E-01
  -0.5866  -0.6000  0.41505E-01
  -0.5866  -0.5500  0.41767E-01
  -0.5866  -0.5000  0.86615E-01
  -0.5866  -0.4500  0.10425E+00
  -0.5866  -0.4000  0.99366E-01
  -0.5866  -0.3500  0.11948E+00
  -0.5866  -0.3000  0.12226E+00
  -0.5866  -0.2500  0.57508E-01
  -0.5866  -0.2000  0.49227E-02
  -0.5866  -0.1500  0.63854E-01
  -0.5866  -0.1000  0.37709E-01
  -0.5866  -0.0500  0.76599E-02
  -0.5866   0.0000  0.19270E-02
  -0.5866   0.0500  0.27189E-01
  -0.5866   0.1000  0.74648E-01
  -0.5866   0.1500  0.11191E+00
  -0.5866   0.2000  0.12911E-01
  -0.5866   0.2500  0.94805E-01
  -0.5866   0.3000  0.16011E+00
  -0.5866   0.3500  0.14995E+00
  -0.5866   0.4000  0.15217E+00
  -0.5866   0.4500  0.19894E+00
  -0.5866   0.5000  0.18596E+00
  -0.5866   0.5500  0.93882E-01
  -0.5866   0.6000  0.56979E-01
  -0.5866   0.6500  0.12617E+00
  -0.5866   0.7000  0.19057E+00
  -0.5866   0.7500  0.19131E+00
  -0.5866   0.8000  0.18907E+00
  -0.5866   0.8500  0.19284E+00
  -0.5866   0.9000  0.14585E+00
  -0.5866   0.9500  0.83571E-01
  -0.5866   1.0000  0.89422E-01
  -0.5866   1.0500  0.12031E+00
  -0.5366  -1.0500  0.14515E+00
  -0.5366  -1.0000  0.82805E-01
  -0.5366  -0.9500  0.50175E-01
  -0.5366  -0.9000  0.14946E+00
  -0.5366  -0.8500  0.23933E+00
  -0.5366  -0.8000  0.20848E+00
  -0.5366  -0.7500  0.15709E+00
  -0.5366  -0.7000  0.16463E+00
  -0.5366  -0.6500  0.16131E+00
  -0.5366  -0.6000  0.12207E+00
  -0.5366  -0.5500  0.11555E+00
  -0.5366  -0.5000  0.12683E+00
  -0.5366  -0.4500  0.89631E-01
  -0.5366  -0.4000  0.58080E-01
  -0.5366  -0.3500  0.95721E-01
  -0.5366  -0.3000  0.10704E+00
  -0.5366  -0.2500  0.20552E-01
  -0.5366  -0.2000  0.57965E-01
  -0.5366  -0.1500  0.46072E-01
  -0.5366  -0.1000  0.77314E-02
  -0.5366  -0.0500  0.12489E-01
  -0.5366   0.0000  0.30714E-01
  -0.5366   0.0500  0.17652E-01
  -0.5366   0.1000  0.23092E-01
  -0.5366   0.1500  0.76645E-01
  -0.5366   0.2000  0.10151E+00
  -0.5366   0.2500  0.65542E-01
  -0.5366   0.3000  0.19524E+00
  -0.5366   0.3500  0.15645E+00
  -0.5366   0.4000  0.93342E-01
  -0.5366   0.4500  0.15598E+00
  -0.5366   0.5000  0.23378E+00
  -0.5366   0.5500  0.19699E+00
  -0.5366   0.6000  0.14190E+00
  -0.5366   0.6500  0.17270E+00
  -0.5366   0.7000  0.21085E+00
  -0.5366   0.7500  0.19344E+00
  -0.5366   0.8000  0.19311E+00
  -0.5366   0.8500  0.22007E+00
  -0.5366   0.9000  0.17470E+00
  -0.5366   0.9500  0.72820E-01
  -0.5366   1.0000  0.47511E-01
  -0.5366   1.0500  0.93592E-01
  -0.4866  -1.0500  0.16693E+00
  -0.4866  -1.0000  0.63914E-01
  -0.4866  -0.9500  0.59115E-01
  -0.4866  -0.9000  0.20390E+00
  -0.4866  -0.8500  0.26172E+00
  -0.4866  -0.8000  0.17042E+00
  -0.4866  -0.7500  0.14829E+00
  -0.4866  -0.7000  0.25668E+00
  -0.4866  -0.6500  0.31078E+00
  -0.4866  -0.6000  0.25878E+00
  -0.4866  -0.5500  0.22051E+00
  -0.4866  -0.5000  0.18584E+00
  -0.4866  -0.4500  0.84684E-01
  -0.4866  -0.4000  0.40906E-01
  -0.4866  -0.3500  0.76300E-01
  -0.4866  -0.3000  0.40557E-03
  -0.4866  -0.2500  0.85722E-01
  -0.4866  -0.2000  0.16013E+00
  -0.4866  -0.1500  0.82683E-01
  -0.4866  -0.1000  0.97656E-02
  -0.4866  -0.0500  0.85944E-01
  -0.4866   0.0000  0.15994E+00
  -0.4866   0.0500  0.84864E-01
  -0.4866   0.1000  0.10890E-01
  -0.4866   0.1500  0.91947E-01
  -0.4866   0.2000  0.18282E+00
  -0.4866   0.2500  0.11838E+00
  -0.4866   0.3000  0.27309E-01
  -0.4866   0.3500  0.85659E-01
  -0.4866   0.4000  0.95043E-01
  -0.4866   0.4500  0.10478E+00
  -0.4866   0.5000  0.25227E+00
  -0.4866   0.5500  0.29857E+00
  -0.4866   0.6000  0.27076E+00
  -0.4866   0.6500  0.28559E+00
  -0.4866   0.7000  0.27496E+00
  -0.4866   0.7500  0.18598E+00
  -0.4866   0.8000  0.14493E+00
  -0.4866   0.8500  0.19530E+00
  -0.4866   0.9000  0.18487E+00
  -0.4866   0.9500  0.72899E-01
  -0.4866   1.0000  0.22601E-01
  -0.4866   1.0500  0.78280E-01
  -0.4366  -1.0500  0.21893E+00
  -0.4366  -1.0000  0.69935E-01
  -0.4366  -0.9500  0.92609E-01
  -0.4366  -0.9000  0.25763E+00
  -0.4366  -0.8500  0.25166E+00
  -0.4366  -0.8000  0.11591E+00
  -0.4366  -0.7500  0.18056E+00
  -0.4366  -0.7000  0.41197E+00
  -0.4366  -0.6500  0.47725E+00
  -0.4366  -0.6000  0.36471E+00
  -0.4366  -0.5500  0.31136E+00
  -0.4366  -0.5000  0.28064E+00
  -0.4366  -0.4500  0.13396E+00
  -0.4366  -0.4000  0.22674E+00
  -0.4366  -0.3500  0.42443E-01
  -0.4366  -0.3000  0.39816E-01
  -0.4366  -0.2500  0.27697E+00
  -0.4366  -0.2000  0.39851E+00
  -0.4366  -0.1500  0.23292E+00
  -0.4366  -0.1000  0.10692E+00
  -0.4366  -0.0500  0.25612E+00
  -0.4366   0.0000  0.40433E+00
  -0.4366   0.0500  0.29663E+00
  -0.4366   0.1000  0.17735E+00
  -0.4366   0.1500  0.31235E+00
  -0.4366   0.2000  0.47009E+00
  -0.4366   0.2500  0.34030E+00
  -0.4366   0.3000  0.93951E-01
  -0.4366   0.3500  0.67318E-01
  -0.4366   0.4000  0.21035E+00
  -0.4366   0.4500  0.12136E+00
  -0.4366   0.5000  0.27927E+00
  -0.4366   0.5500  0.35472E+00
  -0.4366   0.6000  0.35095E+00
  -0.4366   0.6500  0.39143E+00
  -0.4366   0.7000  0.36780E+00
  -0.4366   0.7500  0.20181E+00
  -0.4366   0.8000  0.87505E-01
  -0.4366   0.8500  0.14046E+00
  -0.4366   0.9000  0.17354E+00
  -0.4366   0.9500  0.75053E-01
  -0.4366   1.0000  0.19529E-01
  -0.4366   1.0500  0.96900E-01
  -0.3866  -1.0500  0.31098E+00
  -0.3866  -1.0000  0.11607E+00
  -0.3866  -0.9500  0.17360E+00
  -0.3866  -0.9000  0.34471E+00
  -0.3866  -0.8500  0.25799E+00
  -0.3866  -0.8000  0.89495E-01
  -0.3866  -0.7500  0.25121E+00
  -0.3866  -0.7000  0.55779E+00
  -0.3866  -0.6500  0.55279E+00
  -0.3866  -0.6000  0.36864E+00
  -0.3866  -0.5500  0.40573E+00
  -0.3866  -0.5000  0.51023E+00
  -0.3866  -0.4500  0.34807E+00
  -0.3866  -0.4000  0.27204E+00
  -0.3866  -0.3500  0.97613E-01
  -0.3866  -0.3000  0.17019E+00
  -0.3866  -0.2500  0.50957E+00
  -0.3866  -0.2000  0.66726E+00
  -0.3866  -0.1500  0.46682E+00
  -0.3866  -0.1000  0.32500E+00
  -0.3866  -0.0500  0.51944E+00
  -0.3866   0.0000  0.71646E+00
  -0.3866   0.0500  0.62008E+00
  -0.3866   0.1000  0.51756E+00
  -0.3866   0.1500  0.69867E+00
  -0.3866   0.2000  0.85935E+00
  -0.3866   0.2500  0.63285E+00
  -0.3866   0.3000  0.26075E+00
  -0.3866   0.3500  0.17357E+00
  -0.3866   0.4000  0.29505E+00
  -0.3866   0.4500  0.30201E+00
  -0.3866   0.5000  0.41292E+00
  -0.3866   0.5500  0.39192E+00
  -0.3866   0.6000  0.32561E+00
  -0.3866   0.6500  0.39529E+00
  -0.3866   0.7000  0.41381E+00
  -0.3866   0.7500  0.22011E+00
  -0.3866   0.8000  0.52996E-01
  -0.3866   0.8500  0.11031E+00
  -0.3866   0.9000  0.18595E+00
  -0.3866   0.9500  0.10222E+00
  -0.3866   1.0000  0.45910E-01
  -0.3866   1.0500  0.15727E+00
  -0.3366  -1.0500  0.45403E+00
  -0.3366  -1.0000  0.23658E+00
  -0.3366  -0.9500  0.34862E+00
  -0.3366  -0.9000  0.51399E+00
  -0.3366  -0.8500  0.32662E+00
  -0.3366  -0.8000  0.11567E+00
  -0.3366  -0.7500  0.34444E+00
  -0.3366  -0.7000  0.65554E+00
  -0.3366  -0.6500  0.52394E+00
  -0.3366  -0.6000  0.31096E+00
  -0.3366  -0.5500  0.59057E+00
  -0.3366  -0.5000  0.26240E+00
  -0.3366  -0.4500  0.44018E+00
  -0.3366  -0.4000  0.52211E+00
  -0.3366  -0.3500  0.44405E+00
  -0.3366  -0.3000  0.48491E+00
  -0.3366  -0.2500  0.72235E+00
  -0.3366  -0.2000  0.83906E+00
  -0.3366  -0.1500  0.70236E+00
  -0.3366  -0.1000  0.63435E+00
  -0.3366  -0.0500  0.82794E+00
  -0.3366   0.0000  0.99334E+00
  -0.3366   0.0500  0.91154E+00
  -0.3366   0.1000  0.84776E+00
  -0.3366   0.1500  0.10126E+01
  -0.3366   0.2000  0.10921E+01
  -0.3366   0.2500  0.80741E+00
  -0.3366   0.3000  0.47481E+00
  -0.3366   0.3500  0.46817E+00
  -0.3366   0.4000  0.57097E+00
  -0.3366   0.4500  0.41865E+00
  -0.3366   0.5000  0.16440E+00
  -0.3366   0.5500  0.47968E+00
  -0.3366   0.6000  0.24073E+00
  -0.3366   0.6500  0.30747E+00
  -0.3366   0.7000  0.39381E+00
  -0.3366   0.7500  0.22215E+00
  -0.3366   0.8000  0.50949E-01
  -0.3366   0.8500  0.14626E+00
  -0.3366   0.9000  0.27987E+00
  -0.3366   0.9500  0.20795E+00
  -0.3366   1.0000  0.13382E+00
  -0.3366   1.0500  0.26706E+00
  -0.2866  -1.0500  0.66861E+00
  -0.2866  -1.0000  0.47284E+00
  -0.2866  -0.9500  0.65285E+00
  -0.2866  -0.9000  0.79289E+00
  -0.2866  -0.8500  0.49398E+00
  -0.2866  -0.8000  0.24084E+00
  -0.2866  -0.7500  0.51208E+00
  -0.2866  -0.7000  0.78075E+00
  -0.2866  -0.6500  0.49858E+00
  -0.2866  -0.6000  0.27613E+00
  -0.2866  -0.5500  0.84738E+00
  -0.2866  -0.5000  0.26346E+00
  -0.2866  -0.4500  0.62376E+00
  -0.2866  -0.4000  0.10147E+01
  -0.2866  -0.3500  0.11255E+01
  -0.2866  -0.3000  0.10222E+01
  -0.2866  -0.2500  0.92279E+00
  -0.2866  -0.2000  0.88483E+00
  -0.2866  -0.1500  0.88599E+00
  -0.2866  -0.1000  0.92633E+00
  -0.2866  -0.0500  0.93672E+00
  -0.2866   0.0000  0.79940E+00
  -0.2866   0.0500  0.86954E+00
  -0.2866   0.1000  0.95257E+00
  -0.2866   0.1500  0.10533E+01
  -0.2866   0.2000  0.10214E+01
  -0.2866   0.2500  0.78512E+00
  -0.2866   0.3000  0.67436E+00
  -0.2866   0.3500  0.85765E+00
  -0.2866   0.4000  0.93224E+00
  -0.2866   0.4500  0.57417E+00
  -0.2866   0.5000  0.13563E+00
  -0.2866   0.5500  0.57735E+00
  -0.2866   0.6000  0.16495E+00
  -0.2866   0.6500  0.24460E+00
  -0.2866   0.7000  0.40949E+00
  -0.2866   0.7500  0.27621E+00
  -0.2866   0.8000  0.12379E+00
  -0.2866   0.8500  0.27657E+00
  -0.2866   0.9000  0.48539E+00
  -0.2866   0.9500  0.43577E+00
  -0.2866   1.0000  0.32790E+00
  -0.2866   1.0500  0.44570E+00
  -0.2366  -1.0500  0.97246E+00
  -0.2366  -1.0000  0.83985E+00
  -0.2366  -0.9500  0.10791E+01
  -0.2366  -0.9000  0.11816E+01
  -0.2366  -0.8500  0.80573E+00
  -0.2366  -0.8000  0.55248E+00
  -0.2366  -0.7500  0.86123E+00
  -0.2366  -0.7000  0.10622E+01
  -0.2366  -0.6500  0.61553E+00
  -0.2366  -0.6000  0.31897E+00
  -0.2366  -0.5500  0.36721E+00
  -0.2366  -0.5000  0.33307E+00
  -0.2366  -0.4500  0.78677E+00
  -0.2366  -0.4000  0.14646E+01
  -0.2366  -0.3500  0.18145E+01
  -0.2366  -0.3000  0.15795E+01
  -0.2366  -0.2500  0.10843E+01
  -0.2366  -0.2000  0.85606E+00
  -0.2366  -0.1500  0.85519E+00
  -0.2366  -0.1000  0.11973E+01
  -0.2366  -0.0500  0.11301E+01
  -0.2366   0.0000  0.88642E+00
  -0.2366   0.0500  0.86600E+00
  -0.2366   0.1000  0.86692E+00
  -0.2366   0.1500  0.71366E+00
  -0.2366   0.2000  0.73360E+00
  -0.2366   0.2500  0.63636E+00
  -0.2366   0.3000  0.78070E+00
  -0.2366   0.3500  0.10944E+01
  -0.2366   0.4000  0.10881E+01
  -0.2366   0.4500  0.58375E+00
  -0.2366   0.5000  0.10260E+00
  -0.2366   0.5500  0.12463E+00
  -0.2366   0.6000  0.14420E+00
  -0.2366   0.6500  0.33511E+00
  -0.2366   0.7000  0.60252E+00
  -0.2366   0.7500  0.51224E+00
  -0.2366   0.8000  0.36876E+00
  -0.2366   0.8500  0.54387E+00
  -0.2366   0.9000  0.80205E+00
  -0.2366   0.9500  0.78471E+00
  -0.2366   1.0000  0.64881E+00
  -0.2366   1.0500  0.71272E+00
  -0.1866  -1.0500  0.13562E+01
  -0.1866  -1.0000  0.13035E+01
  -0.1866  -0.9500  0.15773E+01
  -0.1866  -0.9000  0.16617E+01
  -0.1866  -0.8500  0.12988E+01
  -0.1866  -0.8000  0.11124E+01
  -0.1866  -0.7500  0.14474E+01
  -0.1866  -0.7000  0.15714E+01
  -0.1866  -0.6500  0.99760E+00
  -0.1866  -0.6000  0.57041E+00
  -0.1866  -0.5500  0.76950E+00
  -0.1866  -0.5000  0.61894E+00
  -0.1866  -0.4500  0.89963E+00
  -0.1866  -0.4000  0.15803E+01
  -0.1866  -0.3500  0.20807E+01
  -0.1866  -0.3000  0.18303E+01
  -0.1866  -0.2500  0.11152E+01
  -0.1866  -0.2000  0.93085E+00
  -0.1866  -0.1500  0.11039E+01
  -0.1866  -0.1000  0.13409E+01
  -0.1866  -0.0500  0.10123E+01
  -0.1866   0.0000  0.65635E+00
  -0.1866   0.0500  0.68360E+00
  -0.1866   0.1000  0.61842E+00
  -0.1866   0.1500  0.49266E+00
  -0.1866   0.2000  0.52018E+00
  -0.1866   0.2500  0.46813E+00
  -0.1866   0.3000  0.73936E+00
  -0.1866   0.3500  0.10341E+01
  -0.1866   0.4000  0.95549E+00
  -0.1866   0.4500  0.49860E+00
  -0.1866   0.5000  0.18982E+00
  -0.1866   0.5500  0.38124E+00
  -0.1866   0.6000  0.33565E+00
  -0.1866   0.6500  0.69189E+00
  -0.1866   0.7000  0.10418E+01
  -0.1866   0.7500  0.10010E+01
  -0.1866   0.8000  0.86291E+00
  -0.1866   0.8500  0.98958E+00
  -0.1866   0.9000  0.12124E+01
  -0.1866   0.9500  0.12091E+01
  -0.1866   1.0000  0.10678E+01
  -0.1866   1.0500  0.10621E+01
  -0.1366  -1.0500  0.17703E+01
  -0.1366  -1.0000  0.17871E+01
  -0.1366  -0.9500  0.20731E+01
  -0.1366  -0.9000  0.21878E+01
  -0.1366  -0.8500  0.19405E+01
  -0.1366  -0.8000  0.18655E+01
  -0.1366  -0.7500  0.21963E+01
  -0.1366  -0.7000  0.22733E+01
  -0.1366  -0.6500  0.17271E+01
  -0.1366  -0.6000  0.12696E+01
  -0.1366  -0.5500  0.16138E+01
  -0.1366  -0.5000  0.13901E+01
  -0.1366  -0.4500  0.12185E+01
  -0.1366  -0.4000  0.14708E+01
  -0.1366  -0.3500  0.18650E+01
  -0.1366  -0.3000  0.16674E+01
  -0.1366  -0.2500  0.12476E+01
  -0.1366  -0.2000  0.93656E+00
  -0.1366  -0.1500  0.12506E+01
  -0.1366  -0.1000  0.13520E+01
  -0.1366  -0.0500  0.10578E+01
  -0.1366   0.0000  0.20502E+01
  -0.1366   0.0500  0.57738E+00
  -0.1366   0.1000  0.34270E+00
  -0.1366   0.1500  0.21816E+00
  -0.1366   0.2000  0.30220E+00
  -0.1366   0.2500  0.49231E+00
  -0.1366   0.3000  0.60308E+00
  -0.1366   0.3500  0.84437E+00
  -0.1366   0.4000  0.87490E+00
  -0.1366   0.4500  0.74320E+00
  -0.1366   0.5000  0.74212E+00
  -0.1366   0.5500  0.10095E+01
  -0.1366   0.6000  0.10209E+01
  -0.1366   0.6500  0.14009E+01
  -0.1366   0.7000  0.16861E+01
  -0.1366   0.7500  0.16732E+01
  -0.1366   0.8000  0.15626E+01
  -0.1366   0.8500  0.15889E+01
  -0.1366   0.9000  0.16759E+01
  -0.1366   0.9500  0.16394E+01
  -0.1366   1.0000  0.15125E+01
  -0.1366   1.0500  0.14477E+01
  -0.0866  -1.0500  0.21356E+01
  -0.0866  -1.0000  0.21975E+01
  -0.0866  -0.9500  0.24859E+01
  -0.0866  -0.9000  0.26718E+01
  -0.0866  -0.8500  0.25913E+01
  -0.0866  -0.8000  0.26243E+01
  -0.0866  -0.7500  0.29230E+01
  -0.0866  -0.7000  0.30186E+01
  -0.0866  -0.6500  0.27025E+01
  -0.0866  -0.6000  0.24803E+01
  -0.0866  -0.5500  0.28193E+01
  -0.0866  -0.5000  0.26614E+01
  -0.0866  -0.4500  0.19414E+01
  -0.0866  -0.4000  0.14748E+01
  -0.0866  -0.3500  0.14980E+01
  -0.0866  -0.3000  0.13049E+01
  -0.0866  -0.2500  0.10180E+01
  -0.0866  -0.2000  0.80479E+00
  -0.0866  -0.1500  0.12919E+01
  -0.0866  -0.1000  0.14167E+01
  -0.0866  -0.0500  0.15435E+02
  -0.0866   0.0000  0.87463E+04
  -0.0866   0.0500  0.56195E+00
  -0.0866   0.1000  0.22157E+00
  -0.0866   0.1500  0.36374E-01
  -0.0866   0.2000  0.16443E+00
  -0.0866   0.2500  0.41760E+00
  -0.0866   0.3000  0.49431E+00
  -0.0866   0.3500  0.80093E+00
  -0.0866   0.4000  0.11881E+01
  -0.0866   0.4500  0.15781E+01
  -0.0866   0.5000  0.18658E+01
  -0.0866   0.5500  0.19921E+01
  -0.0866   0.6000  0.19786E+01
  -0.0866   0.6500  0.23683E+01
  -0.0866   0.7000  0.23863E+01
  -0.0866   0.7500  0.23448E+01
  -0.0866   0.8000  0.22847E+01
  -0.0866   0.8500  0.22086E+01
  -0.0866   0.9000  0.21111E+01
  -0.0866   0.9500  0.20010E+01
  -0.0866   1.0000  0.18931E+01
  -0.0866   1.0500  0.17923E+01
  -0.0366  -1.0500  0.23699E+01
  -0.0366  -1.0000  0.24531E+01
  -0.0366  -0.9500  0.27424E+01
  -0.0366  -0.9000  0.29957E+01
  -0.0366  -0.8500  0.30474E+01
  -0.0366  -0.8000  0.31478E+01
  -0.0366  -0.7500  0.34139E+01
  -0.0366  -0.7000  0.35638E+01
  -0.0366  -0.6500  0.35222E+01
  -0.0366  -0.6000  0.30988E+01
  -0.0366  -0.5500  0.38660E+01
  -0.0366  -0.5000  0.38445E+01
  -0.0366  -0.4500  0.27260E+01
  -0.0366  -0.4000  0.16402E+01
  -0.0366  -0.3500  0.12730E+01
  -0.0366  -0.3000  0.19900E+01
  -0.0366  -0.2500  0.86728E+00
  -0.0366  -0.2000  0.67758E+00
  -0.0366  -0.1500  0.12967E+01
  -0.0366  -0.1000  0.14899E+01
  -0.0366  -0.0500  0.14567E+01
  -0.0366   0.0000  0.13532E+02
  -0.0366   0.0500  0.73614E+00
  -0.0366   0.1000  0.24549E+00
  -0.0366   0.1500  0.19478E-02
  -0.0366   0.2000  0.15636E+00
  -0.0366   0.2500  0.50756E+00
  -0.0366   0.3000  0.10942E+01
  -0.0366   0.3500  0.91364E+00
  -0.0366   0.4000  0.16910E+01
  -0.0366   0.4500  0.25340E+01
  -0.0366   0.5000  0.29907E+01
  -0.0366   0.5500  0.28874E+01
  -0.0366   0.6000  0.25137E+01
  -0.0366   0.6500  0.31896E+01
  -0.0366   0.7000  0.29039E+01
  -0.0366   0.7500  0.28038E+01
  -0.0366   0.8000  0.27886E+01
  -0.0366   0.8500  0.26473E+01
  -0.0366   0.9000  0.24058E+01
  -0.0366   0.9500  0.22267E+01
  -0.0366   1.0000  0.21313E+01
  -0.0366   1.0500  0.20149E+01
   0.0134  -1.0500  0.24168E+01
   0.0134  -1.0000  0.25037E+01
   0.0134  -0.9500  0.27933E+01
   0.0134  -0.9000  0.30620E+01
   0.0134  -0.8500  0.31422E+01
   0.0134  -0.8000  0.32558E+01
   0.0134  -0.7500  0.35143E+01
   0.0134  -0.7000  0.36799E+01
   0.0134  -0.6500  0.37067E+01
   0.0134  -0.6000  0.32355E+01
   0.0134  -0.5500  0.41041E+01
   0.0134  -0.5000  0.41205E+01
   0.0134  -0.4500  0.29191E+01
   0.0134  -0.4000  0.16947E+01
   0.0134  -0.3500  0.12342E+01
   0.0134  -0.3000  0.20388E+01
   0.0134  -0.2500  0.83996E+00
   0.0134  -0.2000  0.64960E+00
   0.0134  -0.1500  0.12964E+01
   0.0134  -0.1000  0.14861E+01
   0.0134  -0.0500  0.81275E+00
   0.0134   0.0000  0.93062E+00
   0.0134   0.0500  0.56756E+00
   0.0134   0.1000  0.22608E+00
   0.0134   0.1500  0.62363E-02
   0.0134   0.2000  0.16556E+00
   0.0134   0.2500  0.54291E+00
   0.0134   0.3000  0.11937E+01
   0.0134   0.3500  0.95361E+00
   0.0134   0.4000  0.18260E+01
   0.0134   0.4500  0.27711E+01
   0.0134   0.5000  0.32591E+01
   0.0134   0.5500  0.30949E+01
   0.0134   0.6000  0.26324E+01
   0.0134   0.6500  0.33751E+01
   0.0134   0.7000  0.30146E+01
   0.0134   0.7500  0.28980E+01
   0.0134   0.8000  0.28929E+01
   0.0134   0.8500  0.27389E+01
   0.0134   0.9000  0.24664E+01
   0.0134   0.9500  0.22715E+01
   0.0134   1.0000  0.21785E+01
   0.0134   1.0500  0.20597E+01
   0.0634  -1.0500  0.22649E+01
   0.0634  -1.0000  0.23393E+01
   0.0634  -0.9500  0.26282E+01
   0.0634  -0.9000  0.28492E+01
   0.0634  -0.8500  0.28395E+01
   0.0634  -0.8000  0.29101E+01
   0.0634  -0.7500  0.31919E+01
   0.0634  -0.7000  0.33127E+01
   0.0634  -0.6500  0.31348E+01
   0.0634  -0.6000  0.28089E+01
   0.0634  -0.5500  0.33685E+01
   0.0634  -0.5000  0.32756E+01
   0.0634  -0.4500  0.23390E+01
   0.0634  -0.4000  0.15455E+01
   0.0634  -0.3500  0.13685E+01
   0.0634  -0.3000  0.11528E+01
   0.0634  -0.2500  0.93260E+00
   0.0634  -0.2000  0.73748E+00
   0.0634  -0.1500  0.12958E+01
   0.0634  -0.1000  0.14648E+01
   0.0634  -0.0500  0.10174E+02
   0.0634   0.0000  0.56990E+02
   0.0634   0.0500  0.22773E+01
   0.0634   0.1000  0.23384E+00
   0.0634   0.1500  0.66855E-02
   0.0634   0.2000  0.14967E+00
   0.0634   0.2500  0.45048E+00
   0.0634   0.3000  0.47191E+00
   0.0634   0.3500  0.84624E+00
   0.0634   0.4000  0.14318E+01
   0.0634   0.4500  0.20603E+01
   0.0634   0.5000  0.24438E+01
   0.0634   0.5500  0.24583E+01
   0.0634   0.6000  0.22626E+01
   0.0634   0.6500  0.28007E+01
   0.0634   0.7000  0.26651E+01
   0.0634   0.7500  0.25958E+01
   0.0634   0.8000  0.25594E+01
   0.0634   0.8500  0.24469E+01
   0.0634   0.9000  0.22722E+01
   0.0634   0.9500  0.21261E+01
   0.0634   1.0000  0.20252E+01
   0.0634   1.0500  0.19151E+01
   0.1134  -1.0500  0.19512E+01
   0.1134  -1.0000  0.19922E+01
   0.1134  -0.9500  0.22798E+01
   0.1134  -0.9000  0.24246E+01
   0.1134  -0.8500  0.22533E+01
   0.1134  -0.8000  0.22317E+01
   0.1134  -0.7500  0.25497E+01
   0.1134  -0.7000  0.26271E+01
   0.1134  -0.6500  0.21671E+01
   0.1134  -0.6000  0.17698E+01
   0.1134  -0.5500  0.21503E+01
   0.1134  -0.5000  0.19396E+01
   0.1134  -0.4500  0.15098E+01
   0.1134  -0.4000  0.14446E+01
   0.1134  -0.3500  0.16898E+01
   0.1134  -0.3000  0.15046E+01
   0.1134  -0.2500  0.11402E+01
   0.1134  -0.2000  0.88397E+00
   0.1134  -0.1500  0.12786E+01
   0.1134  -0.1000  0.13618E+01
   0.1134  -0.0500  0.37857E+01
   0.1134   0.0000  0.10155E+03
   0.1134   0.0500  0.39423E+00
   0.1134   0.1000  0.25382E+00
   0.1134   0.1500  0.11437E+00
   0.1134   0.2000  0.22015E+00
   0.1134   0.2500  0.42993E+00
   0.1134   0.3000  0.54311E+00
   0.1134   0.3500  0.79664E+00
   0.1134   0.4000  0.96841E+00
   0.1134   0.4500  0.10673E+01
   0.1134   0.5000  0.12110E+01
   0.1134   0.5500  0.14384E+01
   0.1134   0.6000  0.15351E+01
   0.1134   0.6500  0.18355E+01
   0.1134   0.7000  0.20171E+01
   0.1134   0.7500  0.19983E+01
   0.1134   0.8000  0.19096E+01
   0.1134   0.8500  0.18856E+01
   0.1134   0.9000  0.18879E+01
   0.1134   0.9500  0.18201E+01
   0.1134   1.0000  0.17024E+01
   0.1134   1.0500  0.16180E+01
   0.1634  -1.0500  0.15490E+01
   0.1634  -1.0000  0.15311E+01
   0.1634  -0.9500  0.18126E+01
   0.1634  -0.9000  0.19044E+01
   0.1634  -0.8500  0.15842E+01
   0.1634  -0.8000  0.14467E+01
   0.1634  -0.7500  0.17842E+01
   0.1634  -0.7000  0.18796E+01
   0.1634  -0.6500  0.12925E+01
   0.1634  -0.6000  0.82756E+00
   0.1634  -0.5500  0.11017E+01
   0.1634  -0.5000  0.90345E+00
   0.1634  -0.4500  0.10013E+01
   0.1634  -0.4000  0.15359E+01
   0.1634  -0.3500  0.20254E+01
   0.1634  -0.3000  0.17988E+01
   0.1634  -0.2500  0.13405E+01
   0.1634  -0.2000  0.95809E+00
   0.1634  -0.1500  0.11878E+01
   0.1634  -0.1000  0.13572E+01
   0.1634  -0.0500  0.88438E+00
   0.1634   0.0000  0.53206E+00
   0.1634   0.0500  0.61464E+00
   0.1634   0.1000  0.48551E+00
   0.1634   0.1500  0.36326E+00
   0.1634   0.2000  0.42004E+00
   0.1634   0.2500  0.60662E+00
   0.1634   0.3000  0.68049E+00
   0.1634   0.3500  0.94291E+00
   0.1634   0.4000  0.88267E+00
   0.1634   0.4500  0.54217E+00
   0.1634   0.5000  0.36867E+00
   0.1634   0.5500  0.61917E+00
   0.1634   0.6000  0.57876E+00
   0.1634   0.6500  0.97610E+00
   0.1634   0.7000  0.13218E+01
   0.1634   0.7500  0.12996E+01
   0.1634   0.8000  0.11705E+01
   0.1634   0.8500  0.12542E+01
   0.1634   0.9000  0.14248E+01
   0.1634   0.9500  0.14126E+01
   0.1634   1.0000  0.12764E+01
   0.1634   1.0500  0.12408E+01
   0.2134  -1.0500  0.11427E+01
   0.2134  -1.0000  0.10470E+01
   0.2134  -0.9500  0.13056E+01
   0.2134  -0.9000  0.13949E+01
   0.2134  -0.8500  0.10117E+01
   0.2134  -0.8000  0.78138E+00
   0.2134  -0.7500  0.11051E+01
   0.2134  -0.7000  0.12697E+01
   0.2134  -0.6500  0.75299E+00
   0.2134  -0.6000  0.39563E+00
   0.2134  -0.5500  0.50769E+00
   0.2134  -0.5000  0.42291E+00
   0.2134  -0.4500  0.83546E+00
   0.2134  -0.4000  0.15642E+01
   0.2134  -0.3500  0.20064E+01
   0.2134  -0.3000  0.17490E+01
   0.2134  -0.2500  0.11200E+01
   0.2134  -0.2000  0.84326E+00
   0.2134  -0.1500  0.97861E+00
   0.2134  -0.1000  0.12824E+01
   0.2134  -0.0500  0.11153E+01
   0.2134   0.0000  0.81358E+00
   0.2134   0.0500  0.79058E+00
   0.2134   0.1000  0.76346E+00
   0.2134   0.1500  0.62606E+00
   0.2134   0.2000  0.60572E+00
   0.2134   0.2500  0.55563E+00
   0.2134   0.3000  0.77965E+00
   0.2134   0.3500  0.11004E+01
   0.2134   0.4000  0.10498E+01
   0.2134   0.4500  0.53575E+00
   0.2134   0.5000  0.10937E+00
   0.2134   0.5500  0.20797E+00
   0.2134   0.6000  0.18981E+00
   0.2134   0.6500  0.46076E+00
   0.2134   0.7000  0.77572E+00
   0.2134   0.7500  0.70842E+00
   0.2134   0.8000  0.56617E+00
   0.2134   0.8500  0.72770E+00
   0.2134   0.9000  0.98255E+00
   0.2134   0.9500  0.97621E+00
   0.2134   1.0000  0.83472E+00
   0.2134   1.0500  0.86650E+00
   0.2634  -1.0500  0.79822E+00
   0.2634  -1.0000  0.62777E+00
   0.2634  -0.9500  0.83773E+00
   0.2634  -0.9000  0.96034E+00
   0.2634  -0.8500  0.61766E+00
   0.2634  -0.8000  0.35673E+00
   0.2634  -0.7500  0.64564E+00
   0.2634  -0.7000  0.88533E+00
   0.2634  -0.6500  0.52739E+00
   0.2634  -0.6000  0.28209E+00
   0.2634  -0.5500  0.94499E+00
   0.2634  -0.5000  0.28252E+00
   0.2634  -0.4500  0.71002E+00
   0.2634  -0.4000  0.12527E+01
   0.2634  -0.3500  0.14743E+01
   0.2634  -0.3000  0.12992E+01
   0.2634  -0.2500  0.10076E+01
   0.2634  -0.2000  0.87693E+00
   0.2634  -0.1500  0.70812E+00
   0.2634  -0.1000  0.10648E+01
   0.2634  -0.0500  0.10607E+01
   0.2634   0.0000  0.87976E+00
   0.2634   0.0500  0.89975E+00
   0.2634   0.1000  0.94124E+00
   0.2634   0.1500  0.76882E+00
   0.2634   0.2000  0.90334E+00
   0.2634   0.2500  0.72473E+00
   0.2634   0.3000  0.74030E+00
   0.2634   0.3500  0.10016E+01
   0.2634   0.4000  0.10452E+01
   0.2634   0.4500  0.60384E+00
   0.2634   0.5000  0.12003E+00
   0.2634   0.5500  0.58604E+00
   0.2634   0.6000  0.14348E+00
   0.2634   0.6500  0.26064E+00
   0.2634   0.7000  0.47033E+00
   0.2634   0.7500  0.35601E+00
   0.2634   0.8000  0.20960E+00
   0.2634   0.8500  0.38042E+00
   0.2634   0.9000  0.61926E+00
   0.2634   0.9500  0.58460E+00
   0.2634   1.0000  0.46157E+00
   0.2634   1.0500  0.55813E+00
   0.3134  -1.0500  0.54331E+00
   0.3134  -1.0000  0.32992E+00
   0.3134  -0.9500  0.47304E+00
   0.3134  -0.9000  0.62928E+00
   0.3134  -0.8500  0.38955E+00
   0.3134  -0.8000  0.15673E+00
   0.3134  -0.7500  0.40676E+00
   0.3134  -0.7000  0.70224E+00
   0.3134  -0.6500  0.50300E+00
   0.3134  -0.6000  0.28836E+00
   0.3134  -0.5500  0.70949E+00
   0.3134  -0.5000  0.25769E+00
   0.3134  -0.4500  0.51830E+00
   0.3134  -0.4000  0.73158E+00
   0.3134  -0.3500  0.73030E+00
   0.3134  -0.3000  0.71258E+00
   0.3134  -0.2500  0.81644E+00
   0.3134  -0.2000  0.87372E+00
   0.3134  -0.1500  0.79506E+00
   0.3134  -0.1000  0.78969E+00
   0.3134  -0.0500  0.96167E+00
   0.3134   0.0000  0.10767E+01
   0.3134   0.0500  0.99129E+00
   0.3134   0.1000  0.93891E+00
   0.3134   0.1500  0.10701E+01
   0.3134   0.2000  0.10966E+01
   0.3134   0.2500  0.81973E+00
   0.3134   0.3000  0.57358E+00
   0.3134   0.3500  0.65052E+00
   0.3134   0.4000  0.74481E+00
   0.3134   0.4500  0.49743E+00
   0.3134   0.5000  0.14970E+00
   0.3134   0.5500  0.53232E+00
   0.3134   0.6000  0.20202E+00
   0.3134   0.6500  0.26680E+00
   0.3134   0.7000  0.38742E+00
   0.3134   0.7500  0.23310E+00
   0.3134   0.8000  0.70387E-01
   0.3134   0.8500  0.19292E+00
   0.3134   0.9000  0.36088E+00
   0.3134   0.9500  0.29735E+00
   0.3134   1.0000  0.20845E+00
   0.3134   1.0500  0.33994E+00
   0.3634  -1.0500  0.36997E+00
   0.3634  -1.0000  0.16005E+00
   0.3634  -0.9500  0.24026E+00
   0.3634  -0.9000  0.41066E+00
   0.3634  -0.8500  0.27991E+00
   0.3634  -0.8000  0.93402E-01
   0.3634  -0.7500  0.29063E+00
   0.3634  -0.7000  0.60716E+00
   0.3634  -0.6500  0.54779E+00
   0.3634  -0.6000  0.34384E+00
   0.3634  -0.5500  0.47673E+00
   0.3634  -0.5000  0.70241E+00
   0.3634  -0.4500  0.37850E+00
   0.3634  -0.4000  0.35286E+00
   0.3634  -0.3500  0.21168E+00
   0.3634  -0.3000  0.28690E+00
   0.3634  -0.2500  0.61107E+00
   0.3634  -0.2000  0.76360E+00
   0.3634  -0.1500  0.58053E+00
   0.3634  -0.1000  0.46090E+00
   0.3634  -0.0500  0.66175E+00
   0.3634   0.0000  0.85671E+00
   0.3634   0.0500  0.76983E+00
   0.3634   0.1000  0.68609E+00
   0.3634   0.1500  0.86952E+00
   0.3634   0.2000  0.10012E+01
   0.3634   0.2500  0.73748E+00
   0.3634   0.3000  0.35775E+00
   0.3634   0.3500  0.28764E+00
   0.3634   0.4000  0.39891E+00
   0.3634   0.4500  0.34253E+00
   0.3634   0.5000  0.53963E+00
   0.3634   0.5500  0.42475E+00
   0.3634   0.6000  0.28855E+00
   0.3634   0.6500  0.36025E+00
   0.3634   0.7000  0.40905E+00
   0.3634   0.7500  0.22140E+00
   0.3634   0.8000  0.46909E-01
   0.3634   0.8500  0.11712E+00
   0.3634   0.9000  0.21670E+00
   0.3634   0.9500  0.13810E+00
   0.3634   1.0000  0.76260E-01
   0.3634   1.0500  0.20117E+00
   0.4134  -1.0500  0.25622E+00
   0.4134  -1.0000  0.84756E-01
   0.4134  -0.9500  0.12171E+00
   0.4134  -0.9000  0.29076E+00
   0.4134  -0.8500  0.24938E+00
   0.4134  -0.8000  0.98505E-01
   0.4134  -0.7500  0.21033E+00
   0.4134  -0.7000  0.48551E+00
   0.4134  -0.6500  0.52784E+00
   0.4134  -0.6000  0.37939E+00
   0.4134  -0.5500  0.34954E+00
   0.4134  -0.5000  0.36102E+00
   0.4134  -0.4500  0.20371E+00
   0.4134  -0.4000  0.23499E+00
   0.4134  -0.3500  0.45289E-01
   0.4134  -0.3000  0.84728E-01
   0.4134  -0.2500  0.38556E+00
   0.4134  -0.2000  0.52862E+00
   0.4134  -0.1500  0.33586E+00
   0.4134  -0.1000  0.19364E+00
   0.4134  -0.0500  0.36852E+00
   0.4134   0.0000  0.54609E+00
   0.4134   0.0500  0.43982E+00
   0.4134   0.1000  0.32194E+00
   0.4134   0.1500  0.48299E+00
   0.4134   0.2000  0.65307E+00
   0.4134   0.2500  0.47922E+00
   0.4134   0.3000  0.16174E+00
   0.4134   0.3500  0.95126E-01
   0.4134   0.4000  0.23027E+00
   0.4134   0.4500  0.17438E+00
   0.4134   0.5000  0.32061E+00
   0.4134   0.5500  0.36951E+00
   0.4134   0.6000  0.35158E+00
   0.4134   0.6500  0.40861E+00
   0.4134   0.7000  0.39892E+00
   0.4134   0.7500  0.21243E+00
   0.4134   0.8000  0.68016E-01
   0.4134   0.8500  0.12028E+00
   0.4134   0.9000  0.17253E+00
   0.4134   0.9500  0.81648E-01
   0.4134   1.0000  0.26791E-01
   0.4134   1.0500  0.11949E+00
   0.4634  -1.0500  0.18655E+00
   0.4634  -1.0000  0.63026E-01
   0.4634  -0.9500  0.70989E-01
   0.4634  -0.9000  0.22772E+00
   0.4634  -0.8500  0.25851E+00
   0.4634  -0.8000  0.14387E+00
   0.4634  -0.7500  0.15702E+00
   0.4634  -0.7000  0.32444E+00
   0.4634  -0.6500  0.39313E+00
   0.4634  -0.6000  0.31820E+00
   0.4634  -0.5500  0.26598E+00
   0.4634  -0.5000  0.22191E+00
   0.4634  -0.4500  0.96253E-01
   0.4634  -0.4000  0.51471E-01
   0.4634  -0.3500  0.59316E-01
   0.4634  -0.3000  0.10237E-01
   0.4634  -0.2500  0.16268E+00
   0.4634  -0.2000  0.25777E+00
   0.4634  -0.1500  0.13794E+00
   0.4634  -0.1000  0.40201E-01
   0.4634  -0.0500  0.15221E+00
   0.4634   0.0000  0.26034E+00
   0.4634   0.0500  0.16403E+00
   0.4634   0.1000  0.61235E-01
   0.4634   0.1500  0.16488E+00
   0.4634   0.2000  0.29076E+00
   0.4634   0.2500  0.20184E+00
   0.4634   0.3000  0.43654E-01
   0.4634   0.3500  0.68253E-01
   0.4634   0.4000  0.13220E+00
   0.4634   0.4500  0.99535E-01
   0.4634   0.5000  0.25917E+00
   0.4634   0.5500  0.33093E+00
   0.4634   0.6000  0.31980E+00
   0.4634   0.6500  0.34256E+00
   0.4634   0.7000  0.31874E+00
   0.4634   0.7500  0.19055E+00
   0.4634   0.8000  0.11664E+00
   0.4634   0.8500  0.17039E+00
   0.4634   0.9000  0.18045E+00
   0.4634   0.9500  0.73243E-01
   0.4634   1.0000  0.18424E-01
   0.4634   1.0500  0.81981E-01
   0.5134  -1.0500  0.15251E+00
   0.5134  -1.0000  0.71531E-01
   0.5134  -0.9500  0.51483E-01
   0.5134  -0.9000  0.17528E+00
   0.5134  -0.8500  0.25576E+00
   0.5134  -0.8000  0.19636E+00
   0.5134  -0.7500  0.15018E+00
   0.5134  -0.7000  0.19731E+00
   0.5134  -0.6500  0.22197E+00
   0.5134  -0.6000  0.18241E+00
   0.5134  -0.5500  0.16322E+00
   0.5134  -0.5000  0.15182E+00
   0.5134  -0.4500  0.84096E-01
   0.5134  -0.4000  0.44034E-01
   0.5134  -0.3500  0.10912E+00
   0.5134  -0.3000  0.68643E-02
   0.5134  -0.2500  0.33254E-01
   0.5134  -0.2000  0.86965E-01
   0.5134  -0.1500  0.50993E-01
   0.5134  -0.1000  0.47265E-03
   0.5134  -0.0500  0.35778E-01
   0.5134   0.0000  0.76064E-01
   0.5134   0.0500  0.33862E-01
   0.5134   0.1000  0.27718E-02
   0.5134   0.1500  0.65898E-01
   0.5134   0.2000  0.11758E+00
   0.5134   0.2500  0.71036E-01
   0.5134   0.3000  0.37042E-01
   0.5134   0.3500  0.20242E+00
   0.5134   0.4000  0.81166E-01
   0.5134   0.4500  0.12846E+00
   0.5134   0.5000  0.24493E+00
   0.5134   0.5500  0.24777E+00
   0.5134   0.6000  0.20111E+00
   0.5134   0.6500  0.21921E+00
   0.5134   0.7000  0.23385E+00
   0.5134   0.7500  0.18810E+00
   0.5134   0.8000  0.17510E+00
   0.5134   0.8500  0.21508E+00
   0.5134   0.9000  0.18311E+00
   0.5134   0.9500  0.72418E-01
   0.5134   1.0000  0.33237E-01
   0.5134   1.0500  0.83318E-01
   0.5634  -1.0500  0.13936E+00
   0.5634  -1.0000  0.99185E-01
   0.5634  -0.9500  0.55414E-01
   0.5634  -0.9000  0.12128E+00
   0.5634  -0.8500  0.20820E+00
   0.5634  -0.8000  0.20545E+00
   0.5634  -0.7500  0.16256E+00
   0.5634  -0.7000  0.14434E+00
   0.5634  -0.6500  0.11515E+00
   0.5634  -0.6000  0.69540E-01
   0.5634  -0.5500  0.70025E-01
   0.5634  -0.5000  0.10314E+00
   0.5634  -0.4500  0.98521E-01
   0.5634  -0.4000  0.81264E-01
   0.5634  -0.3500  0.10486E+00
   0.5634  -0.3000  0.10557E+00
   0.5634  -0.2500  0.33988E-01
   0.5634  -0.2000  0.53619E-01
   0.5634  -0.1500  0.54723E-01
   0.5634  -0.1000  0.24053E-01
   0.5634  -0.0500  0.40009E-02
   0.5634   0.0000  0.56235E-02
   0.5634   0.0500  0.18872E-01
   0.5634   0.1000  0.55106E-01
   0.5634   0.1500  0.10046E+00
   0.5634   0.2000  0.10589E+00
   0.5634   0.2500  0.79788E-01
   0.5634   0.3000  0.16311E+00
   0.5634   0.3500  0.14378E+00
   0.5634   0.4000  0.12450E+00
   0.5634   0.4500  0.18499E+00
   0.5634   0.5000  0.21242E+00
   0.5634   0.5500  0.13855E+00
   0.5634   0.6000  0.87202E-01
   0.5634   0.6500  0.13887E+00
   0.5634   0.7000  0.19714E+00
   0.5634   0.7500  0.19674E+00
   0.5634   0.8000  0.19876E+00
   0.5634   0.8500  0.21085E+00
   0.5634   0.9000  0.15963E+00
   0.5634   0.9500  0.76424E-01
   0.5634   1.0000  0.68856E-01
   0.5634   1.0500  0.10845E+00
   0.6134  -1.0500  0.12435E+00
   0.6134  -1.0000  0.12674E+00
   0.6134  -0.9500  0.81713E-01
   0.6134  -0.9000  0.88098E-01
   0.6134  -0.8500  0.13628E+00
   0.6134  -0.8000  0.15414E+00
   0.6134  -0.7500  0.14125E+00
   0.6134  -0.7000  0.12326E+00
   0.6134  -0.6500  0.81392E-01
   0.6134  -0.6000  0.26122E-01
   0.6134  -0.5500  0.21304E-01
   0.6134  -0.5000  0.70189E-01
   0.6134  -0.4500  0.10382E+00
   0.6134  -0.4000  0.10855E+00
   0.6134  -0.3500  0.12661E+00
   0.6134  -0.3000  0.13698E+00
   0.6134  -0.2500  0.87187E-01
   0.6134  -0.2000  0.18223E-01
   0.6134  -0.1500  0.83867E-02
   0.6134  -0.1000  0.36186E-01
   0.6134  -0.0500  0.35050E-01
   0.6134   0.0000  0.16507E-01
   0.6134   0.0500  0.17119E-01
   0.6134   0.1000  0.14341E-01
   0.6134   0.1500  0.13005E-02
   0.6134   0.2000  0.33083E-01
   0.6134   0.2500  0.11199E+00
   0.6134   0.3000  0.15778E+00
   0.6134   0.3500  0.15381E+00
   0.6134   0.4000  0.16879E+00
   0.6134   0.4500  0.19501E+00
   0.6134   0.5000  0.14773E+00
   0.6134   0.5500  0.53710E-01
   0.6134   0.6000  0.41954E-01
   0.6134   0.6500  0.12400E+00
   0.6134   0.7000  0.18058E+00
   0.6134   0.7500  0.17168E+00
   0.6134   0.8000  0.16426E+00
   0.6134   0.8500  0.16718E+00
   0.6134   0.9000  0.13373E+00
   0.6134   0.9500  0.96067E-01
   0.6134   1.0000  0.11163E+00
   0.6134   1.0500  0.12900E+00
   0.6634  -1.0500  0.95587E-01
   0.6634  -1.0000  0.12851E+00
   0.6634  -0.9500  0.10837E+00
   0.6634  -0.9000  0.87619E-01
   0.6634  -0.8500  0.87912E-01
   0.6634  -0.8000  0.85462E-01
   0.6634  -0.7500  0.81809E-01
   0.6634  -0.7000  0.85160E-01
   0.6634  -0.6500  0.67427E-01
   0.6634  -0.6000  0.23125E-01
   0.6634  -0.5500  0.63037E-02
   0.6634  -0.5000  0.41929E-01
   0.6634  -0.4500  0.78888E-01
   0.6634  -0.4000  0.82878E-01
   0.6634  -0.3500  0.86621E-01
   0.6634  -0.3000  0.10595E+00
   0.6634  -0.2500  0.10005E+00
   0.6634  -0.2000  0.53235E-01
   0.6634  -0.1500  0.12602E-01
   0.6634  -0.1000  0.14707E-01
   0.6634  -0.0500  0.39810E-01
   0.6634   0.0000  0.51924E-01
   0.6634   0.0500  0.38382E-01
   0.6634   0.1000  0.14513E-01
   0.6634   0.1500  0.14317E-01
   0.6634   0.2000  0.52799E-01
   0.6634   0.2500  0.94972E-01
   0.6634   0.3000  0.10613E+00
   0.6634   0.3500  0.11121E+00
   0.6634   0.4000  0.13641E+00
   0.6634   0.4500  0.13584E+00
   0.6634   0.5000  0.72550E-01
   0.6634   0.5500  0.17943E-01
   0.6634   0.6000  0.52254E-01
   0.6634   0.6500  0.12420E+00
   0.6634   0.7000  0.13659E+00
   0.6634   0.7500  0.10613E+00
   0.6634   0.8000  0.10724E+00
   0.6634   0.8500  0.13041E+00
   0.6634   0.9000  0.12774E+00
   0.6634   0.9500  0.11975E+00
   0.6634   1.0000  0.13374E+00
   0.6634   1.0500  0.12507E+00
   0.7134  -1.0500  0.65489E-01
   0.7134  -1.0000  0.99045E-01
   0.7134  -0.9500  0.10530E+00
   0.7134  -0.9000  0.94160E-01
   0.7134  -0.8500  0.76900E-01
   0.7134  -0.8000  0.49402E-01
   0.7134  -0.7500  0.29628E-01
   0.7134  -0.7000  0.37245E-01
   0.7134  -0.6500  0.46763E-01
   0.7134  -0.6000  0.28735E-01
   0.7134  -0.5500  0.96404E-02
   0.7134  -0.5000  0.24827E-01
   0.7134  -0.4500  0.49813E-01
   0.7134  -0.4000  0.44163E-01
   0.7134  -0.3500  0.24660E-01
   0.7134  -0.3000  0.32299E-01
   0.7134  -0.2500  0.60538E-01
   0.7134  -0.2000  0.71801E-01
   0.7134  -0.1500  0.59598E-01
   0.7134  -0.1000  0.49159E-01
   0.7134  -0.0500  0.52287E-01
   0.7134   0.0000  0.55231E-01
   0.7134   0.0500  0.46756E-01
   0.7134   0.1000  0.36665E-01
   0.7134   0.1500  0.38699E-01
   0.7134   0.2000  0.44836E-01
   0.7134   0.2500  0.37472E-01
   0.7134   0.3000  0.27521E-01
   0.7134   0.3500  0.43828E-01
   0.7134   0.4000  0.73931E-01
   0.7134   0.4500  0.69362E-01
   0.7134   0.5000  0.32748E-01
   0.7134   0.5500  0.29198E-01
   0.7134   0.6000  0.75322E-01
   0.7134   0.6500  0.10107E+00
   0.7134   0.7000  0.70380E-01
   0.7134   0.7500  0.46417E-01
   0.7134   0.8000  0.78424E-01
   0.7134   0.8500  0.12082E+00
   0.7134   0.9000  0.12624E+00
   0.7134   0.9500  0.11967E+00
   0.7134   1.0000  0.12224E+00
   0.7134   1.0500  0.10490E+00
   0.7634  -1.0500  0.54159E-01
   0.7634  -1.0000  0.63601E-01
   0.7634  -0.9500  0.71612E-01
   0.7634  -0.9000  0.76394E-01
   0.7634  -0.8500  0.72337E-01
   0.7634  -0.8000  0.45891E-01
   0.7634  -0.7500  0.12853E-01
   0.7634  -0.7000  0.81634E-02
   0.7634  -0.6500  0.27893E-01
   0.7634  -0.6000  0.35187E-01
   0.7634  -0.5500  0.25705E-01
   0.7634  -0.5000  0.29404E-01
   0.7634  -0.4500  0.47215E-01
   0.7634  -0.4000  0.45083E-01
   0.7634  -0.3500  0.16694E-01
   0.7634  -0.3000  0.45994E-04
   0.7634  -0.2500  0.20443E-01
   0.7634  -0.2000  0.56024E-01
   0.7634  -0.1500  0.71641E-01
   0.7634  -0.1000  0.59796E-01
   0.7634  -0.0500  0.37963E-01
   0.7634   0.0000  0.24241E-01
   0.7634   0.0500  0.25335E-01
   0.7634   0.1000  0.36204E-01
   0.7634   0.1500  0.41881E-01
   0.7634   0.2000  0.28935E-01
   0.7634   0.2500  0.60916E-02
   0.7634   0.3000  0.25584E-02
   0.7634   0.3500  0.28949E-01
   0.7634   0.4000  0.54586E-01
   0.7634   0.4500  0.51492E-01
   0.7634   0.5000  0.42150E-01
   0.7634   0.5500  0.59647E-01
   0.7634   0.6000  0.80360E-01
   0.7634   0.6500  0.59763E-01
   0.7634   0.7000  0.20950E-01
   0.7634   0.7500  0.28806E-01
   0.7634   0.8000  0.81329E-01
   0.7634   0.8500  0.11231E+00
   0.7634   0.9000  0.10124E+00
   0.7634   0.9500  0.90891E-01
   0.7634   1.0000  0.96676E-01
   0.7634   1.0500  0.91571E-01
   0.8134  -1.0500  0.60353E-01
   0.8134  -1.0000  0.49030E-01
   0.8134  -0.9500  0.38611E-01
   0.8134  -0.9000  0.39412E-01
   0.8134  -0.8500  0.49004E-01
   0.8134  -0.8000  0.43051E-01
   0.8134  -0.7500  0.16418E-01
   0.8134  -0.7000  0.68810E-03
   0.8134  -0.6500  0.14894E-01
   0.8134  -0.6000  0.35086E-01
   0.8134  -0.5500  0.37862E-01
   0.8134  -0.5000  0.37056E-01
   0.8134  -0.4500  0.50050E-01
   0.8134  -0.4000  0.60789E-01
   0.8134  -0.3500  0.46446E-01
   0.8134  -0.3000  0.18055E-01
   0.8134  -0.2500  0.63414E-02
   0.8134  -0.2000  0.18975E-01
   0.8134  -0.1500  0.33894E-01
   0.8134  -0.1000  0.30714E-01
   0.8134  -0.0500  0.13382E-01
   0.8134   0.0000  0.10245E-02
   0.8134   0.0500  0.48658E-02
   0.8134   0.1000  0.17009E-01
   0.8134   0.1500  0.20741E-01
   0.8134   0.2000  0.12018E-01
   0.8134   0.2500  0.73617E-02
   0.8134   0.3000  0.22943E-01
   0.8134   0.3500  0.48836E-01
   0.8134   0.4000  0.60246E-01
   0.8134   0.4500  0.55547E-01
   0.8134   0.5000  0.57599E-01
   0.8134   0.5500  0.68379E-01
   0.8134   0.6000  0.58207E-01
   0.8134   0.6500  0.22479E-01
   0.8134   0.7000  0.72744E-02
   0.8134   0.7500  0.40779E-01
   0.8134   0.8000  0.80834E-01
   0.8134   0.8500  0.79268E-01
   0.8134   0.9000  0.57441E-01
   0.8134   0.9500  0.61619E-01
   0.8134   1.0000  0.84116E-01
   0.8134   1.0500  0.90754E-01
   0.8634  -1.0500  0.61171E-01
   0.8634  -1.0000  0.51705E-01
   0.8634  -0.9500  0.29666E-01
   0.8634  -0.9000  0.13455E-01
   0.8634  -0.8500  0.18449E-01
   0.8634  -0.8000  0.28137E-01
   0.8634  -0.7500  0.19392E-01
   0.8634  -0.7000  0.30408E-02
   0.8634  -0.6500  0.57875E-02
   0.8634  -0.6000  0.24679E-01
   0.8634  -0.5500  0.34116E-01
   0.8634  -0.5000  0.29442E-01
   0.8634  -0.4500  0.30298E-01
   0.8634  -0.4000  0.43152E-01
   0.8634  -0.3500  0.49555E-01
   0.8634  -0.3000  0.35823E-01
   0.8634  -0.2500  0.13142E-01
   0.8634  -0.2000  0.76554E-03
   0.8634  -0.1500  0.26884E-02
   0.8634  -0.1000  0.88051E-02
   0.8634  -0.0500  0.11170E-01
   0.8634   0.0000  0.10680E-01
   0.8634   0.0500  0.99966E-02
   0.8634   0.1000  0.76162E-02
   0.8634   0.1500  0.26016E-02
   0.8634   0.2000  0.12662E-02
   0.8634   0.2500  0.11725E-01
   0.8634   0.3000  0.30285E-01
   0.8634   0.3500  0.41838E-01
   0.8634   0.4000  0.40204E-01
   0.8634   0.4500  0.38255E-01
   0.8634   0.5000  0.45380E-01
   0.8634   0.5500  0.46612E-01
   0.8634   0.6000  0.26994E-01
   0.8634   0.6500  0.69260E-02
   0.8634   0.7000  0.18621E-01
   0.8634   0.7500  0.50314E-01
   0.8634   0.8000  0.57466E-01
   0.8634   0.8500  0.34845E-01
   0.8634   0.9000  0.27402E-01
   0.8634   0.9500  0.55668E-01
   0.8634   1.0000  0.84116E-01
   0.8634   1.0500  0.84553E-01
   0.9134  -1.0500  0.42806E-01
   0.9134  -1.0000  0.47555E-01
   0.9134  -0.9500  0.34363E-01
   0.9134  -0.9000  0.10825E-01
   0.9134  -0.8500  0.22273E-02
   0.9134  -0.8000  0.12622E-01
   0.9134  -0.7500  0.19120E-01
   0.9134  -0.7000  0.11093E-01
   0.9134  -0.6500  0.59496E-02
   0.9134  -0.6000  0.16167E-01
   0.9134  -0.5500  0.27202E-01
   0.9134  -0.5000  0.22412E-01
   0.9134  -0.4500  0.99468E-02
   0.9134  -0.4000  0.88299E-02
   0.9134  -0.3500  0.20607E-01
   0.9134  -0.3000  0.29707E-01
   0.9134  -0.2500  0.26284E-01
   0.9134  -0.2000  0.16738E-01
   0.9134  -0.1500  0.12564E-01
   0.9134  -0.1000  0.17076E-01
   0.9134  -0.0500  0.24610E-01
   0.9134   0.0000  0.27803E-01
   0.9134   0.0500  0.23436E-01
   0.9134   0.1000  0.14125E-01
   0.9134   0.1500  0.66950E-02
   0.9134   0.2000  0.68640E-02
   0.9134   0.2500  0.12787E-01
   0.9134   0.3000  0.15817E-01
   0.9134   0.3500  0.11728E-01
   0.9134   0.4000  0.86517E-02
   0.9134   0.4500  0.16067E-01
   0.9134   0.5000  0.27256E-01
   0.9134   0.5500  0.26184E-01
   0.9134   0.6000  0.14993E-01
   0.9134   0.6500  0.15794E-01
   0.9134   0.7000  0.34072E-01
   0.9134   0.7500  0.42938E-01
   0.9134   0.8000  0.25310E-01
   0.9134   0.8500  0.89077E-02
   0.9134   0.9000  0.26781E-01
   0.9134   0.9500  0.62301E-01
   0.9134   1.0000  0.73998E-01
   0.9134   1.0500  0.60366E-01
   0.9634  -1.0500  0.18439E-01
   0.9634  -1.0000  0.27742E-01
   0.9634  -0.9500  0.30848E-01
   0.9634  -0.9000  0.16551E-01
   0.9634  -0.8500  0.13355E-02
   0.9634  -0.8000  0.40706E-02
   0.9634  -0.7500  0.16771E-01
   0.9634  -0.7000  0.20193E-01
   0.9634  -0.6500  0.15200E-01
   0.9634  -0.6000  0.17274E-01
   0.9634  -0.5500  0.27540E-01
   0.9634  -0.5000  0.30106E-01
   0.9634  -0.4500  0.17596E-01
   0.9634  -0.4000  0.29397E-02
   0.9634  -0.3500  0.19074E-02
   0.9634  -0.3000  0.14362E-01
   0.9634  -0.2500  0.27743E-01
   0.9634  -0.2000  0.32751E-01
   0.9634  -0.1500  0.30315E-01
   0.9634  -0.1000  0.26077E-01
   0.9634  -0.0500  0.23136E-01
   0.9634   0.0000  0.20945E-01
   0.9634   0.0500  0.18641E-01
   0.9634   0.1000  0.17204E-01
   0.9634   0.1500  0.17750E-01
   0.9634   0.2000  0.18390E-01
   0.9634   0.2500  0.14864E-01
   0.9634   0.3000  0.65171E-02
   0.9634   0.3500  0.54133E-03
   0.9634   0.4000  0.55083E-02
   0.9634   0.4500  0.18983E-01
   0.9634   0.5000  0.27736E-01
   0.9634   0.5500  0.25475E-01
   0.9634   0.6000  0.23040E-01
   0.9634   0.6500  0.30443E-01
   0.9634   0.7000  0.36342E-01
   0.9634   0.7500  0.24136E-01
   0.9634   0.8000  0.51295E-02
   0.9634   0.8500  0.92212E-02
   0.9634   0.9000  0.37748E-01
   0.9634   0.9500  0.55901E-01
   0.9634   1.0000  0.45225E-01
   0.9634   1.0500  0.31896E-01
   1.0134  -1.0500  0.81822E-02
   1.0134  -1.0000  0.75314E-02
   1.0134  -0.9500  0.16716E-01
   1.0134  -0.9000  0.16452E-01
   1.0134  -0.8500  0.50503E-02
   1.0134  -0.8000  0.37043E-03
   1.0134  -0.7500  0.10172E-01
   1.0134  -0.7000  0.21000E-01
   1.0134  -0.6500  0.21351E-01
   1.0134  -0.6000  0.18506E-01
   1.0134  -0.5500  0.23706E-01
   1.0134  -0.5000  0.32865E-01
   1.0134  -0.4500  0.32773E-01
   1.0134  -0.4000  0.20573E-01
   1.0134  -0.3500  0.76144E-02
   1.0134  -0.3000  0.51302E-02
   1.0134  -0.2500  0.12514E-01
   1.0134  -0.2000  0.20481E-01
   1.0134  -0.1500  0.21530E-01
   1.0134  -0.1000  0.15502E-01
   1.0134  -0.0500  0.74680E-02
   1.0134   0.0000  0.28470E-02
   1.0134   0.0500  0.40944E-02
   1.0134   0.1000  0.97162E-02
   1.0134   0.1500  0.15138E-01
   1.0134   0.2000  0.15671E-01
   1.0134   0.2500  0.10875E-01
   1.0134   0.3000  0.64511E-02
   1.0134   0.3500  0.94954E-02
   1.0134   0.4000  0.19954E-01
   1.0134   0.4500  0.28983E-01
   1.0134   0.5000  0.29405E-01
   1.0134   0.5500  0.25670E-01
   1.0134   0.6000  0.26743E-01
   1.0134   0.6500  0.29919E-01
   1.0134   0.7000  0.23102E-01
   1.0134   0.7500  0.74491E-02
   1.0134   0.8000  0.30872E-02
   1.0134   0.8500  0.20019E-01
   1.0134   0.9000  0.37435E-01
   1.0134   0.9500  0.32125E-01
   1.0134   1.0000  0.16423E-01
   1.0134   1.0500  0.21012E-01
   1.0634  -1.0500  0.12508E-01
   1.0634  -1.0000  0.10142E-02
   1.0634  -0.9500  0.46063E-02
   1.0634  -0.9000  0.11925E-01
   1.0634  -0.8500  0.92438E-02
   1.0634  -0.8000  0.20659E-02
   1.0634  -0.7500  0.40799E-02
   1.0634  -0.7000  0.14340E-01
   1.0634  -0.6500  0.19665E-01
   1.0634  -0.6000  0.15539E-01
   1.0634  -0.5500  0.11684E-01
   1.0634  -0.5000  0.16255E-01
   1.0634  -0.4500  0.24249E-01
   1.0634  -0.4000  0.25205E-01
   1.0634  -0.3500  0.16715E-01
   1.0634  -0.3000  0.60356E-02
   1.0634  -0.2500  0.80050E-03
   1.0634  -0.2000  0.18359E-02
   1.0634  -0.1500  0.47062E-02
   1.0634  -0.1000  0.55628E-02
   1.0634  -0.0500  0.43606E-02
   1.0634   0.0000  0.34582E-02
   1.0634   0.0500  0.43274E-02
   1.0634   0.1000  0.58598E-02
   1.0634   0.1500  0.57214E-02
   1.0634   0.2000  0.34424E-02
   1.0634   0.2500  0.19663E-02
   1.0634   0.3000  0.50896E-02
   1.0634   0.3500  0.12533E-01
   1.0634   0.4000  0.18712E-01
   1.0634   0.4500  0.18687E-01
   1.0634   0.5000  0.14983E-01
   1.0634   0.5500  0.14703E-01
   1.0634   0.6000  0.18537E-01
   1.0634   0.6500  0.18213E-01
   1.0634   0.7000  0.99247E-02
   1.0634   0.7500  0.42699E-02
   1.0634   0.8000  0.12275E-01
   1.0634   0.8500  0.25104E-01
   1.0634   0.9000  0.23523E-01
   1.0634   0.9500  0.92184E-02
   1.0634   1.0000  0.71740E-02
   1.0634   1.0500  0.28146E-01
   1.1134  -1.0500  0.16583E-01
   1.1134  -1.0000  0.43320E-02
   1.1134  -0.9500  0.35136E-03
   1.1134  -0.9000  0.74376E-02
   1.1134  -0.8500  0.12809E-01
   1.1134  -0.8000  0.95139E-02
   1.1134  -0.7500  0.59404E-02
   1.1134  -0.7000  0.10415E-01
   1.1134  -0.6500  0.17611E-01
   1.1134  -0.6000  0.17051E-01
   1.1134  -0.5500  0.85752E-02
   1.1134  -0.5000  0.21090E-02
   1.1134  -0.4500  0.43623E-02
   1.1134  -0.4000  0.11569E-01
   1.1134  -0.3500  0.15605E-01
   1.1134  -0.3000  0.13302E-01
   1.1134  -0.2500  0.82112E-02
   1.1134  -0.2000  0.54746E-02
   1.1134  -0.1500  0.70330E-02
   1.1134  -0.1000  0.11222E-01
   1.1134  -0.0500  0.15150E-01
   1.1134   0.0000  0.16702E-01
   1.1134   0.0500  0.15082E-01
   1.1134   0.1000  0.10758E-01
   1.1134   0.1500  0.55202E-02
   1.1134   0.2000  0.20810E-02
   1.1134   0.2500  0.23634E-02
   1.1134   0.3000  0.53555E-02
   1.1134   0.3500  0.72790E-02
   1.1134   0.4000  0.54316E-02
   1.1134   0.4500  0.21388E-02
   1.1134   0.5000  0.28822E-02
   1.1134   0.5500  0.89541E-02
   1.1134   0.6000  0.14270E-01
   1.1134   0.6500  0.13168E-01
   1.1134   0.7000  0.96986E-02
   1.1134   0.7500  0.12577E-01
   1.1134   0.8000  0.20129E-01
   1.1134   0.8500  0.19742E-01
   1.1134   0.9000  0.80830E-02
   1.1134   0.9500  0.15353E-02
   1.1134   1.0000  0.14274E-01
   1.1134   1.0500  0.33939E-01
