  0.30000E+00  0.20540E+01  0.00000E+00  0.20540E+01  0.81672E+00
  0.30060E+00  0.20643E+01  0.00000E+00  0.20643E+01  0.81958E+00
  0.30120E+00  0.20689E+01  0.00000E+00  0.20689E+01  0.82027E+00
  0.30180E+00  0.20816E+01  0.00000E+00  0.20816E+01  0.82241E+00
  0.30240E+00  0.20796E+01  0.00000E+00  0.20796E+01  0.81808E+00
  0.30300E+00  0.20780E+01  0.00000E+00  0.20780E+01  0.82144E+00
  0.30360E+00  0.20691E+01  0.00000E+00  0.20691E+01  0.81950E+00
  0.30420E+00  0.20582E+01  0.00000E+00  0.20582E+01  0.81827E+00
  0.30480E+00  0.20549E+01  0.00000E+00  0.20549E+01  0.81642E+00
  0.30541E+00  0.20443E+01  0.00000E+00  0.20443E+01  0.81310E+00
  0.30601E+00  0.20371E+01  0.00000E+00  0.20371E+01  0.81341E+00
  0.30661E+00  0.20266E+01  0.00000E+00  0.20266E+01  0.81438E+00
  0.30721E+00  0.20296E+01  0.00000E+00  0.20296E+01  0.81487E+00
  0.30781E+00  0.20315E+01  0.00000E+00  0.20315E+01  0.81579E+00
  0.30841E+00  0.20584E+01  0.00000E+00  0.20584E+01  0.81134E+00
  0.30901E+00  0.20603E+01  0.00000E+00  0.20603E+01  0.81430E+00
  0.30961E+00  0.20642E+01  0.00000E+00  0.20642E+01  0.81967E+00
  0.31021E+00  0.20775E+01  0.00000E+00  0.20775E+01  0.81650E+00
  0.31081E+00  0.20777E+01  0.00000E+00  0.20777E+01  0.82168E+00
  0.31141E+00  0.20810E+01  0.00000E+00  0.20810E+01  0.82023E+00
  0.31201E+00  0.20764E+01  0.00000E+00  0.20764E+01  0.82197E+00
  0.31261E+00  0.20735E+01  0.00000E+00  0.20735E+01  0.82070E+00
  0.31321E+00  0.20605E+01  0.00000E+00  0.20605E+01  0.82011E+00
  0.31381E+00  0.20563E+01  0.00000E+00  0.20563E+01  0.81965E+00
  0.31441E+00  0.20389E+01  0.00000E+00  0.20389E+01  0.81699E+00
  0.31502E+00  0.20535E+01  0.00000E+00  0.20535E+01  0.81238E+00
  0.31562E+00  0.20245E+01  0.00000E+00  0.20245E+01  0.81465E+00
  0.31622E+00  0.20355E+01  0.00000E+00  0.20355E+01  0.81526E+00
  0.31682E+00  0.20256E+01  0.00000E+00  0.20256E+01  0.81412E+00
  0.31742E+00  0.20393E+01  0.00000E+00  0.20393E+01  0.81682E+00
  0.31802E+00  0.20412E+01  0.00000E+00  0.20412E+01  0.81507E+00
  0.31862E+00  0.20589E+01  0.00000E+00  0.20589E+01  0.81808E+00
  0.31922E+00  0.20622E+01  0.00000E+00  0.20622E+01  0.81728E+00
  0.31982E+00  0.20865E+01  0.00000E+00  0.20865E+01  0.81636E+00
  0.32042E+00  0.20774E+01  0.00000E+00  0.20774E+01  0.82023E+00
  0.32102E+00  0.21007E+01  0.00000E+00  0.21007E+01  0.81484E+00
  0.32162E+00  0.20791E+01  0.00000E+00  0.20791E+01  0.82172E+00
  0.32222E+00  0.20844E+01  0.00000E+00  0.20844E+01  0.81824E+00
  0.32282E+00  0.20672E+01  0.00000E+00  0.20672E+01  0.82035E+00
  0.32342E+00  0.20658E+01  0.00000E+00  0.20658E+01  0.81676E+00
  0.32402E+00  0.20497E+01  0.00000E+00  0.20497E+01  0.81712E+00
  0.32462E+00  0.20477E+01  0.00000E+00  0.20477E+01  0.81355E+00
  0.32523E+00  0.20359E+01  0.00000E+00  0.20359E+01  0.81359E+00
  0.32583E+00  0.20368E+01  0.00000E+00  0.20368E+01  0.81301E+00
  0.32643E+00  0.20311E+01  0.00000E+00  0.20311E+01  0.81086E+00
  0.32703E+00  0.20360E+01  0.00000E+00  0.20360E+01  0.81584E+00
  0.32763E+00  0.20347E+01  0.00000E+00  0.20347E+01  0.81254E+00
  0.32823E+00  0.20523E+01  0.00000E+00  0.20523E+01  0.81587E+00
  0.32883E+00  0.20474E+01  0.00000E+00  0.20474E+01  0.81748E+00
  0.32943E+00  0.20626E+01  0.00000E+00  0.20626E+01  0.81964E+00
  0.33003E+00  0.20681E+01  0.00000E+00  0.20681E+01  0.82061E+00
  0.33063E+00  0.20860E+01  0.00000E+00  0.20860E+01  0.81679E+00
  0.33123E+00  0.20878E+01  0.00000E+00  0.20878E+01  0.81908E+00
  0.33183E+00  0.20931E+01  0.00000E+00  0.20931E+01  0.81712E+00
  0.33243E+00  0.20903E+01  0.00000E+00  0.20903E+01  0.81830E+00
  0.33303E+00  0.20797E+01  0.00000E+00  0.20797E+01  0.81674E+00
  0.33363E+00  0.20743E+01  0.00000E+00  0.20743E+01  0.81924E+00
  0.33423E+00  0.20593E+01  0.00000E+00  0.20593E+01  0.81536E+00
  0.33483E+00  0.20541E+01  0.00000E+00  0.20541E+01  0.81879E+00
  0.33544E+00  0.20378E+01  0.00000E+00  0.20378E+01  0.81571E+00
  0.33604E+00  0.20345E+01  0.00000E+00  0.20345E+01  0.81550E+00
  0.33664E+00  0.20215E+01  0.00000E+00  0.20215E+01  0.81696E+00
  0.33724E+00  0.20375E+01  0.00000E+00  0.20375E+01  0.80971E+00
  0.33784E+00  0.20369E+01  0.00000E+00  0.20369E+01  0.81121E+00
  0.33844E+00  0.20378E+01  0.00000E+00  0.20378E+01  0.81409E+00
  0.33904E+00  0.20432E+01  0.00000E+00  0.20432E+01  0.81571E+00
  0.33964E+00  0.20491E+01  0.00000E+00  0.20491E+01  0.81618E+00
  0.34024E+00  0.20631E+01  0.00000E+00  0.20631E+01  0.81899E+00
  0.34084E+00  0.20667E+01  0.00000E+00  0.20667E+01  0.81993E+00
  0.34144E+00  0.20827E+01  0.00000E+00  0.20827E+01  0.81736E+00
  0.34204E+00  0.20901E+01  0.00000E+00  0.20901E+01  0.81560E+00
  0.34264E+00  0.20981E+01  0.00000E+00  0.20981E+01  0.81921E+00
  0.34324E+00  0.20862E+01  0.00000E+00  0.20862E+01  0.81889E+00
  0.34384E+00  0.20832E+01  0.00000E+00  0.20832E+01  0.82047E+00
  0.34444E+00  0.20776E+01  0.00000E+00  0.20776E+01  0.82056E+00
  0.34505E+00  0.20677E+01  0.00000E+00  0.20677E+01  0.81772E+00
  0.34565E+00  0.20655E+01  0.00000E+00  0.20655E+01  0.81662E+00
  0.34625E+00  0.20539E+01  0.00000E+00  0.20539E+01  0.81107E+00
  0.34685E+00  0.20578E+01  0.00000E+00  0.20578E+01  0.81268E+00
  0.34745E+00  0.20302E+01  0.00000E+00  0.20302E+01  0.81648E+00
  0.34805E+00  0.20342E+01  0.00000E+00  0.20342E+01  0.81017E+00
  0.34865E+00  0.20434E+01  0.00000E+00  0.20434E+01  0.80846E+00
  0.34925E+00  0.20284E+01  0.00000E+00  0.20284E+01  0.81146E+00
  0.34985E+00  0.20405E+01  0.00000E+00  0.20405E+01  0.81539E+00
  0.35045E+00  0.20362E+01  0.00000E+00  0.20362E+01  0.81434E+00
  0.35105E+00  0.20475E+01  0.00000E+00  0.20475E+01  0.81562E+00
  0.35165E+00  0.20553E+01  0.00000E+00  0.20553E+01  0.81878E+00
  0.35225E+00  0.20701E+01  0.00000E+00  0.20701E+01  0.81530E+00
  0.35285E+00  0.20826E+01  0.00000E+00  0.20826E+01  0.81789E+00
  0.35345E+00  0.20995E+01  0.00000E+00  0.20995E+01  0.81127E+00
  0.35405E+00  0.20895E+01  0.00000E+00  0.20895E+01  0.81990E+00
  0.35465E+00  0.21104E+01  0.00000E+00  0.21104E+01  0.81205E+00
  0.35526E+00  0.20960E+01  0.00000E+00  0.20960E+01  0.81753E+00
  0.35586E+00  0.20914E+01  0.00000E+00  0.20914E+01  0.81885E+00
  0.35646E+00  0.20958E+01  0.00000E+00  0.20958E+01  0.81136E+00
  0.35706E+00  0.20733E+01  0.00000E+00  0.20733E+01  0.81770E+00
  0.35766E+00  0.20723E+01  0.00000E+00  0.20723E+01  0.81225E+00
  0.35826E+00  0.20597E+01  0.00000E+00  0.20597E+01  0.81579E+00
  0.35886E+00  0.20476E+01  0.00000E+00  0.20476E+01  0.81519E+00
  0.35946E+00  0.20414E+01  0.00000E+00  0.20414E+01  0.81227E+00
  0.36006E+00  0.20343E+01  0.00000E+00  0.20343E+01  0.81348E+00
  0.36066E+00  0.20368E+01  0.00000E+00  0.20368E+01  0.80707E+00
  0.36126E+00  0.20294E+01  0.00000E+00  0.20294E+01  0.81404E+00
  0.36186E+00  0.20313E+01  0.00000E+00  0.20313E+01  0.81640E+00
  0.36246E+00  0.20265E+01  0.00000E+00  0.20265E+01  0.81556E+00
  0.36306E+00  0.20533E+01  0.00000E+00  0.20533E+01  0.81269E+00
  0.36366E+00  0.20508E+01  0.00000E+00  0.20508E+01  0.81357E+00
  0.36426E+00  0.20581E+01  0.00000E+00  0.20581E+01  0.81535E+00
  0.36486E+00  0.20880E+01  0.00000E+00  0.20880E+01  0.81208E+00
  0.36547E+00  0.20792E+01  0.00000E+00  0.20792E+01  0.81371E+00
  0.36607E+00  0.20917E+01  0.00000E+00  0.20917E+01  0.81919E+00
  0.36667E+00  0.20883E+01  0.00000E+00  0.20883E+01  0.82244E+00
  0.36727E+00  0.20933E+01  0.00000E+00  0.20933E+01  0.81783E+00
  0.36787E+00  0.21027E+01  0.00000E+00  0.21027E+01  0.81757E+00
  0.36847E+00  0.20888E+01  0.00000E+00  0.20888E+01  0.81842E+00
  0.36907E+00  0.20867E+01  0.00000E+00  0.20867E+01  0.81679E+00
  0.36967E+00  0.20994E+01  0.00000E+00  0.20994E+01  0.81118E+00
  0.37027E+00  0.20727E+01  0.00000E+00  0.20727E+01  0.81321E+00
  0.37087E+00  0.20656E+01  0.00000E+00  0.20656E+01  0.81728E+00
  0.37147E+00  0.20478E+01  0.00000E+00  0.20478E+01  0.81953E+00
  0.37207E+00  0.20427E+01  0.00000E+00  0.20427E+01  0.81323E+00
  0.37267E+00  0.20462E+01  0.00000E+00  0.20462E+01  0.81348E+00
  0.37327E+00  0.20251E+01  0.00000E+00  0.20251E+01  0.81688E+00
  0.37387E+00  0.20390E+01  0.00000E+00  0.20390E+01  0.80882E+00
  0.37447E+00  0.20334E+01  0.00000E+00  0.20334E+01  0.81086E+00
  0.37508E+00  0.20312E+01  0.00000E+00  0.20312E+01  0.81169E+00
  0.37568E+00  0.20362E+01  0.00000E+00  0.20362E+01  0.81215E+00
  0.37628E+00  0.20520E+01  0.00000E+00  0.20520E+01  0.80829E+00
  0.37688E+00  0.20486E+01  0.00000E+00  0.20486E+01  0.81272E+00
  0.37748E+00  0.20575E+01  0.00000E+00  0.20575E+01  0.81713E+00
  0.37808E+00  0.20697E+01  0.00000E+00  0.20697E+01  0.81321E+00
  0.37868E+00  0.20761E+01  0.00000E+00  0.20761E+01  0.81638E+00
  0.37928E+00  0.20871E+01  0.00000E+00  0.20871E+01  0.81961E+00
  0.37988E+00  0.20871E+01  0.00000E+00  0.20871E+01  0.81719E+00
  0.38048E+00  0.20979E+01  0.00000E+00  0.20979E+01  0.81856E+00
  0.38108E+00  0.21006E+01  0.00000E+00  0.21006E+01  0.82154E+00
  0.38168E+00  0.20862E+01  0.00000E+00  0.20862E+01  0.82031E+00
  0.38228E+00  0.21015E+01  0.00000E+00  0.21015E+01  0.81778E+00
  0.38288E+00  0.20928E+01  0.00000E+00  0.20928E+01  0.82097E+00
  0.38348E+00  0.20727E+01  0.00000E+00  0.20727E+01  0.81932E+00
  0.38408E+00  0.20860E+01  0.00000E+00  0.20860E+01  0.81496E+00
  0.38468E+00  0.20681E+01  0.00000E+00  0.20681E+01  0.81827E+00
  0.38529E+00  0.20489E+01  0.00000E+00  0.20489E+01  0.81678E+00
  0.38589E+00  0.20758E+01  0.00000E+00  0.20758E+01  0.80681E+00
  0.38649E+00  0.20412E+01  0.00000E+00  0.20412E+01  0.81555E+00
  0.38709E+00  0.20288E+01  0.00000E+00  0.20288E+01  0.81355E+00
  0.38769E+00  0.20443E+01  0.00000E+00  0.20443E+01  0.81053E+00
  0.38829E+00  0.20271E+01  0.00000E+00  0.20271E+01  0.81497E+00
  0.38889E+00  0.20239E+01  0.00000E+00  0.20239E+01  0.81220E+00
  0.38949E+00  0.20444E+01  0.00000E+00  0.20444E+01  0.80995E+00
  0.39009E+00  0.20329E+01  0.00000E+00  0.20329E+01  0.81613E+00
  0.39069E+00  0.20370E+01  0.00000E+00  0.20370E+01  0.81398E+00
  0.39129E+00  0.20617E+01  0.00000E+00  0.20617E+01  0.81177E+00
  0.39189E+00  0.20544E+01  0.00000E+00  0.20544E+01  0.81791E+00
  0.39249E+00  0.20615E+01  0.00000E+00  0.20615E+01  0.81677E+00
  0.39309E+00  0.20862E+01  0.00000E+00  0.20862E+01  0.81524E+00
  0.39369E+00  0.20790E+01  0.00000E+00  0.20790E+01  0.82048E+00
  0.39429E+00  0.20855E+01  0.00000E+00  0.20855E+01  0.81835E+00
  0.39489E+00  0.21042E+01  0.00000E+00  0.21042E+01  0.81782E+00
  0.39550E+00  0.20930E+01  0.00000E+00  0.20930E+01  0.82217E+00
  0.39610E+00  0.20975E+01  0.00000E+00  0.20975E+01  0.81836E+00
  0.39670E+00  0.21087E+01  0.00000E+00  0.21087E+01  0.81769E+00
  0.39730E+00  0.20901E+01  0.00000E+00  0.20901E+01  0.82046E+00
  0.39790E+00  0.20919E+01  0.00000E+00  0.20919E+01  0.81610E+00
  0.39850E+00  0.20869E+01  0.00000E+00  0.20869E+01  0.81955E+00
  0.39910E+00  0.20793E+01  0.00000E+00  0.20793E+01  0.81422E+00
  0.39970E+00  0.20701E+01  0.00000E+00  0.20701E+01  0.81215E+00
  0.40030E+00  0.20609E+01  0.00000E+00  0.20609E+01  0.81668E+00
  0.40090E+00  0.20673E+01  0.00000E+00  0.20673E+01  0.80774E+00
  0.40150E+00  0.20596E+01  0.00000E+00  0.20596E+01  0.80423E+00
  0.40210E+00  0.20450E+01  0.00000E+00  0.20450E+01  0.81012E+00
  0.40270E+00  0.20390E+01  0.00000E+00  0.20390E+01  0.81101E+00
  0.40330E+00  0.20218E+01  0.00000E+00  0.20218E+01  0.81295E+00
  0.40390E+00  0.20400E+01  0.00000E+00  0.20400E+01  0.80915E+00
  0.40450E+00  0.20356E+01  0.00000E+00  0.20356E+01  0.81342E+00
  0.40511E+00  0.20218E+01  0.00000E+00  0.20218E+01  0.81441E+00
  0.40571E+00  0.20406E+01  0.00000E+00  0.20406E+01  0.81098E+00
  0.40631E+00  0.20452E+01  0.00000E+00  0.20452E+01  0.81732E+00
  0.40691E+00  0.20459E+01  0.00000E+00  0.20459E+01  0.81327E+00
  0.40751E+00  0.20577E+01  0.00000E+00  0.20577E+01  0.81154E+00
  0.40811E+00  0.20675E+01  0.00000E+00  0.20675E+01  0.81721E+00
  0.40871E+00  0.20846E+01  0.00000E+00  0.20846E+01  0.81185E+00
  0.40931E+00  0.20985E+01  0.00000E+00  0.20985E+01  0.80798E+00
  0.40991E+00  0.21044E+01  0.00000E+00  0.21044E+01  0.81256E+00
  0.41051E+00  0.20984E+01  0.00000E+00  0.20984E+01  0.81942E+00
  0.41111E+00  0.20880E+01  0.00000E+00  0.20880E+01  0.82101E+00
  0.41171E+00  0.21106E+01  0.00000E+00  0.21106E+01  0.81629E+00
  0.41231E+00  0.21041E+01  0.00000E+00  0.21041E+01  0.82212E+00
  0.41291E+00  0.21088E+01  0.00000E+00  0.21088E+01  0.81290E+00
  0.41351E+00  0.20958E+01  0.00000E+00  0.20958E+01  0.81639E+00
  0.41411E+00  0.20970E+01  0.00000E+00  0.20970E+01  0.81673E+00
  0.41471E+00  0.20900E+01  0.00000E+00  0.20900E+01  0.81606E+00
  0.41532E+00  0.20818E+01  0.00000E+00  0.20818E+01  0.81476E+00
  0.41592E+00  0.20866E+01  0.00000E+00  0.20866E+01  0.81138E+00
  0.41652E+00  0.20625E+01  0.00000E+00  0.20625E+01  0.81775E+00
  0.41712E+00  0.20488E+01  0.00000E+00  0.20488E+01  0.81535E+00
  0.41772E+00  0.20488E+01  0.00000E+00  0.20488E+01  0.81362E+00
  0.41832E+00  0.20658E+01  0.00000E+00  0.20658E+01  0.80299E+00
  0.41892E+00  0.20382E+01  0.00000E+00  0.20382E+01  0.80862E+00
  0.41952E+00  0.20460E+01  0.00000E+00  0.20460E+01  0.80652E+00
  0.42012E+00  0.20432E+01  0.00000E+00  0.20432E+01  0.80897E+00
  0.42072E+00  0.20244E+01  0.00000E+00  0.20244E+01  0.81390E+00
  0.42132E+00  0.20240E+01  0.00000E+00  0.20240E+01  0.81099E+00
  0.42192E+00  0.20342E+01  0.00000E+00  0.20342E+01  0.81327E+00
  0.42252E+00  0.20625E+01  0.00000E+00  0.20625E+01  0.80230E+00
  0.42312E+00  0.20416E+01  0.00000E+00  0.20416E+01  0.81025E+00
  0.42372E+00  0.20610E+01  0.00000E+00  0.20610E+01  0.81006E+00
  0.42432E+00  0.20701E+01  0.00000E+00  0.20701E+01  0.81324E+00
  0.42492E+00  0.20602E+01  0.00000E+00  0.20602E+01  0.81695E+00
  0.42553E+00  0.20739E+01  0.00000E+00  0.20739E+01  0.81147E+00
  0.42613E+00  0.20805E+01  0.00000E+00  0.20805E+01  0.81874E+00
  0.42673E+00  0.20971E+01  0.00000E+00  0.20971E+01  0.81423E+00
  0.42733E+00  0.20894E+01  0.00000E+00  0.20894E+01  0.81681E+00
  0.42793E+00  0.21019E+01  0.00000E+00  0.21019E+01  0.81650E+00
  0.42853E+00  0.21138E+01  0.00000E+00  0.21138E+01  0.81931E+00
  0.42913E+00  0.21031E+01  0.00000E+00  0.21031E+01  0.81921E+00
  0.42973E+00  0.21253E+01  0.00000E+00  0.21253E+01  0.80626E+00
  0.43033E+00  0.21167E+01  0.00000E+00  0.21167E+01  0.81328E+00
  0.43093E+00  0.21102E+01  0.00000E+00  0.21102E+01  0.81811E+00
  0.43153E+00  0.20875E+01  0.00000E+00  0.20875E+01  0.82040E+00
  0.43213E+00  0.20926E+01  0.00000E+00  0.20926E+01  0.81297E+00
  0.43273E+00  0.20857E+01  0.00000E+00  0.20857E+01  0.81834E+00
  0.43333E+00  0.20850E+01  0.00000E+00  0.20850E+01  0.81323E+00
  0.43393E+00  0.20597E+01  0.00000E+00  0.20597E+01  0.81595E+00
  0.43453E+00  0.20666E+01  0.00000E+00  0.20666E+01  0.81088E+00
  0.43514E+00  0.20641E+01  0.00000E+00  0.20641E+01  0.81448E+00
  0.43574E+00  0.20617E+01  0.00000E+00  0.20617E+01  0.80632E+00
  0.43634E+00  0.20464E+01  0.00000E+00  0.20464E+01  0.80670E+00
  0.43694E+00  0.20502E+01  0.00000E+00  0.20502E+01  0.80582E+00
  0.43754E+00  0.20370E+01  0.00000E+00  0.20370E+01  0.81416E+00
  0.43814E+00  0.20240E+01  0.00000E+00  0.20240E+01  0.81261E+00
  0.43874E+00  0.20296E+01  0.00000E+00  0.20296E+01  0.80709E+00
  0.43934E+00  0.20429E+01  0.00000E+00  0.20429E+01  0.80506E+00
  0.43994E+00  0.20361E+01  0.00000E+00  0.20361E+01  0.81259E+00
  0.44054E+00  0.20549E+01  0.00000E+00  0.20549E+01  0.80303E+00
  0.44114E+00  0.20400E+01  0.00000E+00  0.20400E+01  0.81014E+00
  0.44174E+00  0.20537E+01  0.00000E+00  0.20537E+01  0.80955E+00
  0.44234E+00  0.20563E+01  0.00000E+00  0.20563E+01  0.81360E+00
  0.44294E+00  0.20495E+01  0.00000E+00  0.20495E+01  0.81765E+00
  0.44354E+00  0.20709E+01  0.00000E+00  0.20709E+01  0.81296E+00
  0.44414E+00  0.20812E+01  0.00000E+00  0.20812E+01  0.81364E+00
  0.44474E+00  0.20859E+01  0.00000E+00  0.20859E+01  0.81524E+00
  0.44535E+00  0.20794E+01  0.00000E+00  0.20794E+01  0.82066E+00
  0.44595E+00  0.21011E+01  0.00000E+00  0.21011E+01  0.81638E+00
  0.44655E+00  0.21074E+01  0.00000E+00  0.21074E+01  0.81579E+00
  0.44715E+00  0.21073E+01  0.00000E+00  0.21073E+01  0.81561E+00
  0.44775E+00  0.20971E+01  0.00000E+00  0.20971E+01  0.82153E+00
  0.44835E+00  0.21137E+01  0.00000E+00  0.21137E+01  0.81858E+00
  0.44895E+00  0.21174E+01  0.00000E+00  0.21174E+01  0.81574E+00
  0.44955E+00  0.21074E+01  0.00000E+00  0.21074E+01  0.81525E+00
  0.45015E+00  0.20930E+01  0.00000E+00  0.20930E+01  0.81971E+00
  0.45075E+00  0.21023E+01  0.00000E+00  0.21023E+01  0.81796E+00
  0.45135E+00  0.21026E+01  0.00000E+00  0.21026E+01  0.81416E+00
  0.45195E+00  0.20860E+01  0.00000E+00  0.20860E+01  0.81458E+00
  0.45255E+00  0.20701E+01  0.00000E+00  0.20701E+01  0.81668E+00
  0.45315E+00  0.20740E+01  0.00000E+00  0.20740E+01  0.81592E+00
  0.45375E+00  0.20717E+01  0.00000E+00  0.20717E+01  0.81145E+00
  0.45435E+00  0.20543E+01  0.00000E+00  0.20543E+01  0.81303E+00
  0.45495E+00  0.20424E+01  0.00000E+00  0.20424E+01  0.81245E+00
  0.45556E+00  0.20443E+01  0.00000E+00  0.20443E+01  0.81418E+00
  0.45616E+00  0.20462E+01  0.00000E+00  0.20462E+01  0.80932E+00
  0.45676E+00  0.20288E+01  0.00000E+00  0.20288E+01  0.81200E+00
  0.45736E+00  0.20270E+01  0.00000E+00  0.20270E+01  0.80689E+00
  0.45796E+00  0.20297E+01  0.00000E+00  0.20297E+01  0.81160E+00
  0.45856E+00  0.20398E+01  0.00000E+00  0.20398E+01  0.80945E+00
  0.45916E+00  0.20227E+01  0.00000E+00  0.20227E+01  0.81382E+00
  0.45976E+00  0.20338E+01  0.00000E+00  0.20338E+01  0.80338E+00
  0.46036E+00  0.20436E+01  0.00000E+00  0.20436E+01  0.80672E+00
  0.46096E+00  0.20530E+01  0.00000E+00  0.20530E+01  0.81141E+00
  0.46156E+00  0.20392E+01  0.00000E+00  0.20392E+01  0.81623E+00
  0.46216E+00  0.20801E+01  0.00000E+00  0.20801E+01  0.79680E+00
  0.46276E+00  0.20754E+01  0.00000E+00  0.20754E+01  0.80663E+00
  0.46336E+00  0.20767E+01  0.00000E+00  0.20767E+01  0.81496E+00
  0.46396E+00  0.20760E+01  0.00000E+00  0.20760E+01  0.81423E+00
  0.46456E+00  0.20776E+01  0.00000E+00  0.20776E+01  0.81379E+00
  0.46517E+00  0.20915E+01  0.00000E+00  0.20915E+01  0.81307E+00
  0.46577E+00  0.20985E+01  0.00000E+00  0.20985E+01  0.81860E+00
  0.46637E+00  0.21158E+01  0.00000E+00  0.21158E+01  0.81183E+00
  0.46697E+00  0.21020E+01  0.00000E+00  0.21020E+01  0.81821E+00
  0.46757E+00  0.21101E+01  0.00000E+00  0.21101E+01  0.81303E+00
  0.46817E+00  0.21148E+01  0.00000E+00  0.21148E+01  0.81645E+00
  0.46877E+00  0.21209E+01  0.00000E+00  0.21209E+01  0.81738E+00
  0.46937E+00  0.21031E+01  0.00000E+00  0.21031E+01  0.82243E+00
  0.46997E+00  0.21159E+01  0.00000E+00  0.21159E+01  0.81265E+00
  0.47057E+00  0.21275E+01  0.00000E+00  0.21275E+01  0.81030E+00
  0.47117E+00  0.21112E+01  0.00000E+00  0.21112E+01  0.81811E+00
  0.47177E+00  0.21072E+01  0.00000E+00  0.21072E+01  0.81170E+00
  0.47237E+00  0.20892E+01  0.00000E+00  0.20892E+01  0.81782E+00
  0.47297E+00  0.20955E+01  0.00000E+00  0.20955E+01  0.81301E+00
  0.47357E+00  0.20844E+01  0.00000E+00  0.20844E+01  0.81607E+00
  0.47417E+00  0.20806E+01  0.00000E+00  0.20806E+01  0.81104E+00
  0.47477E+00  0.20772E+01  0.00000E+00  0.20772E+01  0.80812E+00
  0.47538E+00  0.20605E+01  0.00000E+00  0.20605E+01  0.81067E+00
  0.47598E+00  0.20703E+01  0.00000E+00  0.20703E+01  0.80672E+00
  0.47658E+00  0.20520E+01  0.00000E+00  0.20520E+01  0.81365E+00
  0.47718E+00  0.20440E+01  0.00000E+00  0.20440E+01  0.80617E+00
  0.47778E+00  0.20358E+01  0.00000E+00  0.20358E+01  0.81005E+00
  0.47838E+00  0.20421E+01  0.00000E+00  0.20421E+01  0.80779E+00
  0.47898E+00  0.20344E+01  0.00000E+00  0.20344E+01  0.81056E+00
  0.47958E+00  0.20336E+01  0.00000E+00  0.20336E+01  0.80728E+00
  0.48018E+00  0.20161E+01  0.00000E+00  0.20161E+01  0.81261E+00
  0.48078E+00  0.20288E+01  0.00000E+00  0.20288E+01  0.80917E+00
  0.48138E+00  0.20497E+01  0.00000E+00  0.20497E+01  0.80520E+00
  0.48198E+00  0.20366E+01  0.00000E+00  0.20366E+01  0.81279E+00
  0.48258E+00  0.20536E+01  0.00000E+00  0.20536E+01  0.79977E+00
  0.48318E+00  0.20373E+01  0.00000E+00  0.20373E+01  0.81294E+00
  0.48378E+00  0.20555E+01  0.00000E+00  0.20555E+01  0.81163E+00
  0.48438E+00  0.20627E+01  0.00000E+00  0.20627E+01  0.81159E+00
  0.48498E+00  0.20639E+01  0.00000E+00  0.20639E+01  0.81390E+00
  0.48559E+00  0.20664E+01  0.00000E+00  0.20664E+01  0.80918E+00
  0.48619E+00  0.20966E+01  0.00000E+00  0.20966E+01  0.80527E+00
  0.48679E+00  0.20997E+01  0.00000E+00  0.20997E+01  0.81307E+00
  0.48739E+00  0.20969E+01  0.00000E+00  0.20969E+01  0.81606E+00
  0.48799E+00  0.20992E+01  0.00000E+00  0.20992E+01  0.81352E+00
  0.48859E+00  0.20910E+01  0.00000E+00  0.20910E+01  0.81699E+00
  0.48919E+00  0.21093E+01  0.00000E+00  0.21093E+01  0.81613E+00
  0.48979E+00  0.21301E+01  0.00000E+00  0.21301E+01  0.81381E+00
  0.49039E+00  0.21132E+01  0.00000E+00  0.21132E+01  0.82090E+00
  0.49099E+00  0.21228E+01  0.00000E+00  0.21228E+01  0.81058E+00
  0.49159E+00  0.21084E+01  0.00000E+00  0.21084E+01  0.81832E+00
  0.49219E+00  0.21199E+01  0.00000E+00  0.21199E+01  0.81824E+00
  0.49279E+00  0.21287E+01  0.00000E+00  0.21287E+01  0.81484E+00
  0.49339E+00  0.21097E+01  0.00000E+00  0.21097E+01  0.82106E+00
  0.49399E+00  0.21161E+01  0.00000E+00  0.21161E+01  0.80802E+00
  0.49459E+00  0.21062E+01  0.00000E+00  0.21062E+01  0.81384E+00
  0.49520E+00  0.21051E+01  0.00000E+00  0.21051E+01  0.81633E+00
  0.49580E+00  0.21029E+01  0.00000E+00  0.21029E+01  0.81344E+00
  0.49640E+00  0.20828E+01  0.00000E+00  0.20828E+01  0.81912E+00
  0.49700E+00  0.21087E+01  0.00000E+00  0.21087E+01  0.79771E+00
  0.49760E+00  0.20872E+01  0.00000E+00  0.20872E+01  0.80716E+00
  0.49820E+00  0.20739E+01  0.00000E+00  0.20739E+01  0.81272E+00
  0.49880E+00  0.20721E+01  0.00000E+00  0.20721E+01  0.80765E+00
  0.49940E+00  0.20478E+01  0.00000E+00  0.20478E+01  0.81558E+00
  0.50000E+00  0.20551E+01  0.00000E+00  0.20551E+01  0.80294E+00
  0.50060E+00  0.20610E+01  0.00000E+00  0.20610E+01  0.80336E+00
  0.50120E+00  0.20456E+01  0.00000E+00  0.20456E+01  0.81054E+00
  0.50180E+00  0.20526E+01  0.00000E+00  0.20526E+01  0.80161E+00
  0.50240E+00  0.20238E+01  0.00000E+00  0.20238E+01  0.81287E+00
  0.50300E+00  0.20342E+01  0.00000E+00  0.20342E+01  0.80210E+00
  0.50360E+00  0.20483E+01  0.00000E+00  0.20483E+01  0.80219E+00
  0.50420E+00  0.20367E+01  0.00000E+00  0.20367E+01  0.81054E+00
  0.50480E+00  0.20474E+01  0.00000E+00  0.20474E+01  0.80170E+00
  0.50541E+00  0.20234E+01  0.00000E+00  0.20234E+01  0.81347E+00
  0.50601E+00  0.20416E+01  0.00000E+00  0.20416E+01  0.80270E+00
  0.50661E+00  0.20578E+01  0.00000E+00  0.20578E+01  0.80388E+00
  0.50721E+00  0.20517E+01  0.00000E+00  0.20517E+01  0.81205E+00
  0.50781E+00  0.20622E+01  0.00000E+00  0.20622E+01  0.80553E+00
  0.50841E+00  0.20459E+01  0.00000E+00  0.20459E+01  0.81572E+00
  0.50901E+00  0.20802E+01  0.00000E+00  0.20802E+01  0.80210E+00
  0.50961E+00  0.20822E+01  0.00000E+00  0.20822E+01  0.80915E+00
  0.51021E+00  0.20813E+01  0.00000E+00  0.20813E+01  0.81529E+00
  0.51081E+00  0.20927E+01  0.00000E+00  0.20927E+01  0.81007E+00
  0.51141E+00  0.20790E+01  0.00000E+00  0.20790E+01  0.81699E+00
  0.51201E+00  0.21108E+01  0.00000E+00  0.21108E+01  0.80755E+00
  0.51261E+00  0.21088E+01  0.00000E+00  0.21088E+01  0.81368E+00
  0.51321E+00  0.21107E+01  0.00000E+00  0.21107E+01  0.81797E+00
  0.51381E+00  0.21204E+01  0.00000E+00  0.21204E+01  0.81541E+00
  0.51441E+00  0.21069E+01  0.00000E+00  0.21069E+01  0.81668E+00
  0.51502E+00  0.21145E+01  0.00000E+00  0.21145E+01  0.81651E+00
  0.51562E+00  0.21247E+01  0.00000E+00  0.21247E+01  0.81425E+00
  0.51622E+00  0.21302E+01  0.00000E+00  0.21302E+01  0.81521E+00
  0.51682E+00  0.21280E+01  0.00000E+00  0.21280E+01  0.81917E+00
  0.51742E+00  0.21309E+01  0.00000E+00  0.21309E+01  0.80889E+00
  0.51802E+00  0.21085E+01  0.00000E+00  0.21085E+01  0.81923E+00
  0.51862E+00  0.21190E+01  0.00000E+00  0.21190E+01  0.81373E+00
  0.51922E+00  0.21332E+01  0.00000E+00  0.21332E+01  0.81042E+00
  0.51982E+00  0.21122E+01  0.00000E+00  0.21122E+01  0.81896E+00
  0.52042E+00  0.21150E+01  0.00000E+00  0.21150E+01  0.80845E+00
  0.52102E+00  0.20835E+01  0.00000E+00  0.20835E+01  0.81685E+00
  0.52162E+00  0.21047E+01  0.00000E+00  0.21047E+01  0.80708E+00
  0.52222E+00  0.21003E+01  0.00000E+00  0.21003E+01  0.81109E+00
  0.52282E+00  0.20842E+01  0.00000E+00  0.20842E+01  0.81492E+00
  0.52342E+00  0.20759E+01  0.00000E+00  0.20759E+01  0.81324E+00
  0.52402E+00  0.20581E+01  0.00000E+00  0.20581E+01  0.80825E+00
  0.52462E+00  0.20542E+01  0.00000E+00  0.20542E+01  0.81073E+00
  0.52523E+00  0.20591E+01  0.00000E+00  0.20591E+01  0.80842E+00
  0.52583E+00  0.20649E+01  0.00000E+00  0.20649E+01  0.80625E+00
  0.52643E+00  0.20455E+01  0.00000E+00  0.20455E+01  0.81492E+00
  0.52703E+00  0.20530E+01  0.00000E+00  0.20530E+01  0.80082E+00
  0.52763E+00  0.20194E+01  0.00000E+00  0.20194E+01  0.81045E+00
  0.52823E+00  0.20364E+01  0.00000E+00  0.20364E+01  0.80379E+00
  0.52883E+00  0.20467E+01  0.00000E+00  0.20467E+01  0.80428E+00
  0.52943E+00  0.20358E+01  0.00000E+00  0.20358E+01  0.80867E+00
  0.53003E+00  0.20307E+01  0.00000E+00  0.20307E+01  0.81094E+00
  0.53063E+00  0.20276E+01  0.00000E+00  0.20276E+01  0.80304E+00
  0.53123E+00  0.20254E+01  0.00000E+00  0.20254E+01  0.80888E+00
  0.53183E+00  0.20371E+01  0.00000E+00  0.20371E+01  0.80714E+00
  0.53243E+00  0.20544E+01  0.00000E+00  0.20544E+01  0.80339E+00
  0.53303E+00  0.20400E+01  0.00000E+00  0.20400E+01  0.81334E+00
  0.53363E+00  0.20508E+01  0.00000E+00  0.20508E+01  0.80653E+00
  0.53423E+00  0.20384E+01  0.00000E+00  0.20384E+01  0.80940E+00
  0.53483E+00  0.20778E+01  0.00000E+00  0.20778E+01  0.80051E+00
  0.53544E+00  0.20731E+01  0.00000E+00  0.20731E+01  0.80947E+00
  0.53604E+00  0.20763E+01  0.00000E+00  0.20763E+01  0.80905E+00
  0.53664E+00  0.20721E+01  0.00000E+00  0.20721E+01  0.81690E+00
  0.53724E+00  0.20922E+01  0.00000E+00  0.20922E+01  0.80502E+00
  0.53784E+00  0.20755E+01  0.00000E+00  0.20755E+01  0.81483E+00
  0.53844E+00  0.20976E+01  0.00000E+00  0.20976E+01  0.81169E+00
  0.53904E+00  0.21167E+01  0.00000E+00  0.21167E+01  0.81115E+00
  0.53964E+00  0.21419E+01  0.00000E+00  0.21419E+01  0.80124E+00
  0.54024E+00  0.21068E+01  0.00000E+00  0.21068E+01  0.81902E+00
  0.54084E+00  0.21212E+01  0.00000E+00  0.21212E+01  0.80871E+00
  0.54144E+00  0.21142E+01  0.00000E+00  0.21142E+01  0.81724E+00
  0.54204E+00  0.21257E+01  0.00000E+00  0.21257E+01  0.81643E+00
  0.54264E+00  0.21425E+01  0.00000E+00  0.21425E+01  0.81227E+00
  0.54324E+00  0.21264E+01  0.00000E+00  0.21264E+01  0.81589E+00
  0.54384E+00  0.21228E+01  0.00000E+00  0.21228E+01  0.81835E+00
  0.54444E+00  0.21535E+01  0.00000E+00  0.21535E+01  0.80130E+00
  0.54505E+00  0.21316E+01  0.00000E+00  0.21316E+01  0.81545E+00
  0.54565E+00  0.21292E+01  0.00000E+00  0.21292E+01  0.81808E+00
  0.54625E+00  0.21383E+01  0.00000E+00  0.21383E+01  0.81261E+00
  0.54685E+00  0.21153E+01  0.00000E+00  0.21153E+01  0.81641E+00
  0.54745E+00  0.21108E+01  0.00000E+00  0.21108E+01  0.81607E+00
  0.54805E+00  0.21134E+01  0.00000E+00  0.21134E+01  0.80784E+00
  0.54865E+00  0.21177E+01  0.00000E+00  0.21177E+01  0.81093E+00
  0.54925E+00  0.21050E+01  0.00000E+00  0.21050E+01  0.81628E+00
  0.54985E+00  0.21086E+01  0.00000E+00  0.21086E+01  0.81080E+00
  0.55045E+00  0.20833E+01  0.00000E+00  0.20833E+01  0.81396E+00
  0.55105E+00  0.20774E+01  0.00000E+00  0.20774E+01  0.81351E+00
  0.55165E+00  0.20787E+01  0.00000E+00  0.20787E+01  0.80546E+00
  0.55225E+00  0.20829E+01  0.00000E+00  0.20829E+01  0.80749E+00
  0.55285E+00  0.20676E+01  0.00000E+00  0.20676E+01  0.81310E+00
  0.55345E+00  0.20703E+01  0.00000E+00  0.20703E+01  0.80763E+00
  0.55405E+00  0.20471E+01  0.00000E+00  0.20471E+01  0.80888E+00
  0.55465E+00  0.20406E+01  0.00000E+00  0.20406E+01  0.81057E+00
  0.55526E+00  0.20498E+01  0.00000E+00  0.20498E+01  0.80143E+00
  0.55586E+00  0.20492E+01  0.00000E+00  0.20492E+01  0.80618E+00
  0.55646E+00  0.20386E+01  0.00000E+00  0.20386E+01  0.81132E+00
  0.55706E+00  0.20439E+01  0.00000E+00  0.20439E+01  0.80726E+00
  0.55766E+00  0.20304E+01  0.00000E+00  0.20304E+01  0.80303E+00
  0.55826E+00  0.20193E+01  0.00000E+00  0.20193E+01  0.80855E+00
  0.55886E+00  0.20565E+01  0.00000E+00  0.20565E+01  0.79153E+00
  0.55946E+00  0.20357E+01  0.00000E+00  0.20357E+01  0.80529E+00
  0.56006E+00  0.20355E+01  0.00000E+00  0.20355E+01  0.80940E+00
  0.56066E+00  0.20418E+01  0.00000E+00  0.20418E+01  0.81044E+00
  0.56126E+00  0.20624E+01  0.00000E+00  0.20624E+01  0.79362E+00
  0.56186E+00  0.20240E+01  0.00000E+00  0.20240E+01  0.81002E+00
  0.56246E+00  0.20498E+01  0.00000E+00  0.20498E+01  0.80101E+00
  0.56306E+00  0.20496E+01  0.00000E+00  0.20496E+01  0.80491E+00
  0.56366E+00  0.20652E+01  0.00000E+00  0.20652E+01  0.80524E+00
  0.56426E+00  0.20905E+01  0.00000E+00  0.20905E+01  0.80349E+00
  0.56486E+00  0.20744E+01  0.00000E+00  0.20744E+01  0.80535E+00
  0.56547E+00  0.20528E+01  0.00000E+00  0.20528E+01  0.81269E+00
  0.56607E+00  0.20669E+01  0.00000E+00  0.20669E+01  0.81064E+00
  0.56667E+00  0.20826E+01  0.00000E+00  0.20826E+01  0.80687E+00
  0.56727E+00  0.21086E+01  0.00000E+00  0.21086E+01  0.80550E+00
  0.56787E+00  0.20963E+01  0.00000E+00  0.20963E+01  0.81695E+00
  0.56847E+00  0.21057E+01  0.00000E+00  0.21057E+01  0.81419E+00
  0.56907E+00  0.20986E+01  0.00000E+00  0.20986E+01  0.81094E+00
  0.56967E+00  0.20958E+01  0.00000E+00  0.20958E+01  0.81605E+00
  0.57027E+00  0.21200E+01  0.00000E+00  0.21200E+01  0.80817E+00
  0.57087E+00  0.21306E+01  0.00000E+00  0.21306E+01  0.81072E+00
  0.57147E+00  0.21299E+01  0.00000E+00  0.21299E+01  0.81484E+00
  0.57207E+00  0.21312E+01  0.00000E+00  0.21312E+01  0.82063E+00
  0.57267E+00  0.21514E+01  0.00000E+00  0.21514E+01  0.80627E+00
  0.57327E+00  0.21144E+01  0.00000E+00  0.21144E+01  0.81813E+00
  0.57387E+00  0.21330E+01  0.00000E+00  0.21330E+01  0.81313E+00
  0.57447E+00  0.21379E+01  0.00000E+00  0.21379E+01  0.81148E+00
  0.57508E+00  0.21547E+01  0.00000E+00  0.21547E+01  0.80847E+00
  0.57568E+00  0.21363E+01  0.00000E+00  0.21363E+01  0.81888E+00
  0.57628E+00  0.21352E+01  0.00000E+00  0.21352E+01  0.81860E+00
  0.57688E+00  0.21282E+01  0.00000E+00  0.21282E+01  0.81181E+00
  0.57748E+00  0.21120E+01  0.00000E+00  0.21120E+01  0.81854E+00
  0.57808E+00  0.21322E+01  0.00000E+00  0.21322E+01  0.80904E+00
  0.57868E+00  0.21323E+01  0.00000E+00  0.21323E+01  0.80990E+00
  0.57928E+00  0.21264E+01  0.00000E+00  0.21264E+01  0.80911E+00
  0.57988E+00  0.21105E+01  0.00000E+00  0.21105E+01  0.81793E+00
  0.58048E+00  0.21137E+01  0.00000E+00  0.21137E+01  0.81028E+00
  0.58108E+00  0.20842E+01  0.00000E+00  0.20842E+01  0.81409E+00
  0.58168E+00  0.20858E+01  0.00000E+00  0.20858E+01  0.81479E+00
  0.58228E+00  0.20921E+01  0.00000E+00  0.20921E+01  0.81016E+00
  0.58288E+00  0.21029E+01  0.00000E+00  0.21029E+01  0.80579E+00
  0.58348E+00  0.20808E+01  0.00000E+00  0.20808E+01  0.80928E+00
  0.58408E+00  0.20699E+01  0.00000E+00  0.20699E+01  0.81394E+00
  0.58468E+00  0.20812E+01  0.00000E+00  0.20812E+01  0.80031E+00
  0.58529E+00  0.20413E+01  0.00000E+00  0.20413E+01  0.81108E+00
  0.58589E+00  0.20653E+01  0.00000E+00  0.20653E+01  0.80421E+00
  0.58649E+00  0.20559E+01  0.00000E+00  0.20559E+01  0.80686E+00
  0.58709E+00  0.20676E+01  0.00000E+00  0.20676E+01  0.80143E+00
  0.58769E+00  0.20721E+01  0.00000E+00  0.20721E+01  0.79635E+00
  0.58829E+00  0.20364E+01  0.00000E+00  0.20364E+01  0.81048E+00
  0.58889E+00  0.20494E+01  0.00000E+00  0.20494E+01  0.79683E+00
  0.58949E+00  0.20149E+01  0.00000E+00  0.20149E+01  0.80910E+00
  0.59009E+00  0.20574E+01  0.00000E+00  0.20574E+01  0.79574E+00
  0.59069E+00  0.20379E+01  0.00000E+00  0.20379E+01  0.80514E+00
  0.59129E+00  0.20503E+01  0.00000E+00  0.20503E+01  0.79932E+00
  0.59189E+00  0.20339E+01  0.00000E+00  0.20339E+01  0.80429E+00
  0.59249E+00  0.20288E+01  0.00000E+00  0.20288E+01  0.80850E+00
  0.59309E+00  0.20444E+01  0.00000E+00  0.20444E+01  0.79699E+00
  0.59369E+00  0.20173E+01  0.00000E+00  0.20173E+01  0.80994E+00
  0.59429E+00  0.20618E+01  0.00000E+00  0.20618E+01  0.79793E+00
  0.59489E+00  0.20482E+01  0.00000E+00  0.20482E+01  0.80776E+00
  0.59550E+00  0.20630E+01  0.00000E+00  0.20630E+01  0.80175E+00
  0.59610E+00  0.20497E+01  0.00000E+00  0.20497E+01  0.80574E+00
  0.59670E+00  0.20495E+01  0.00000E+00  0.20495E+01  0.80938E+00
  0.59730E+00  0.20696E+01  0.00000E+00  0.20696E+01  0.79884E+00
  0.59790E+00  0.20485E+01  0.00000E+00  0.20485E+01  0.81074E+00
  0.59850E+00  0.20945E+01  0.00000E+00  0.20945E+01  0.80150E+00
  0.59910E+00  0.20812E+01  0.00000E+00  0.20812E+01  0.81265E+00
  0.59970E+00  0.20982E+01  0.00000E+00  0.20982E+01  0.80731E+00
  0.60030E+00  0.20927E+01  0.00000E+00  0.20927E+01  0.80673E+00
  0.60090E+00  0.20857E+01  0.00000E+00  0.20857E+01  0.81357E+00
  0.60150E+00  0.21063E+01  0.00000E+00  0.21063E+01  0.80415E+00
  0.60210E+00  0.20922E+01  0.00000E+00  0.20922E+01  0.81098E+00
  0.60270E+00  0.21289E+01  0.00000E+00  0.21289E+01  0.80721E+00
  0.60330E+00  0.21188E+01  0.00000E+00  0.21188E+01  0.81644E+00
  0.60390E+00  0.21355E+01  0.00000E+00  0.21355E+01  0.81267E+00
  0.60450E+00  0.21600E+01  0.00000E+00  0.21600E+01  0.79836E+00
  0.60511E+00  0.21173E+01  0.00000E+00  0.21173E+01  0.81708E+00
  0.60571E+00  0.21317E+01  0.00000E+00  0.21317E+01  0.81104E+00
  0.60631E+00  0.21334E+01  0.00000E+00  0.21334E+01  0.80815E+00
  0.60691E+00  0.21404E+01  0.00000E+00  0.21404E+01  0.81429E+00
  0.60751E+00  0.21422E+01  0.00000E+00  0.21422E+01  0.81761E+00
  0.60811E+00  0.21532E+01  0.00000E+00  0.21532E+01  0.81719E+00
  0.60871E+00  0.21502E+01  0.00000E+00  0.21502E+01  0.81110E+00
  0.60931E+00  0.21291E+01  0.00000E+00  0.21291E+01  0.81668E+00
  0.60991E+00  0.21326E+01  0.00000E+00  0.21326E+01  0.81469E+00
  0.61051E+00  0.21478E+01  0.00000E+00  0.21478E+01  0.80492E+00
  0.61111E+00  0.21307E+01  0.00000E+00  0.21307E+01  0.81463E+00
  0.61171E+00  0.21500E+01  0.00000E+00  0.21500E+01  0.81102E+00
  0.61231E+00  0.21403E+01  0.00000E+00  0.21403E+01  0.81959E+00
  0.61291E+00  0.21423E+01  0.00000E+00  0.21423E+01  0.81409E+00
  0.61351E+00  0.21220E+01  0.00000E+00  0.21220E+01  0.81250E+00
  0.61411E+00  0.21089E+01  0.00000E+00  0.21089E+01  0.81537E+00
  0.61471E+00  0.21171E+01  0.00000E+00  0.21171E+01  0.80731E+00
  0.61532E+00  0.21079E+01  0.00000E+00  0.21079E+01  0.80678E+00
  0.61592E+00  0.21242E+01  0.00000E+00  0.21242E+01  0.80603E+00
  0.61652E+00  0.21047E+01  0.00000E+00  0.21047E+01  0.81513E+00
  0.61712E+00  0.21080E+01  0.00000E+00  0.21080E+01  0.81523E+00
  0.61772E+00  0.21101E+01  0.00000E+00  0.21101E+01  0.80465E+00
  0.61832E+00  0.20721E+01  0.00000E+00  0.20721E+01  0.81332E+00
  0.61892E+00  0.20705E+01  0.00000E+00  0.20705E+01  0.81062E+00
  0.61952E+00  0.21177E+01  0.00000E+00  0.21177E+01  0.78641E+00
  0.62012E+00  0.20684E+01  0.00000E+00  0.20684E+01  0.80447E+00
  0.62072E+00  0.20817E+01  0.00000E+00  0.20817E+01  0.80053E+00
  0.62132E+00  0.20625E+01  0.00000E+00  0.20625E+01  0.81208E+00
  0.62192E+00  0.20636E+01  0.00000E+00  0.20636E+01  0.80898E+00
  0.62252E+00  0.20584E+01  0.00000E+00  0.20584E+01  0.80083E+00
  0.62312E+00  0.20303E+01  0.00000E+00  0.20303E+01  0.81020E+00
  0.62372E+00  0.20369E+01  0.00000E+00  0.20369E+01  0.80537E+00
  0.62432E+00  0.20423E+01  0.00000E+00  0.20423E+01  0.79897E+00
  0.62492E+00  0.20472E+01  0.00000E+00  0.20472E+01  0.80040E+00
  0.62553E+00  0.20419E+01  0.00000E+00  0.20419E+01  0.80271E+00
  0.62613E+00  0.20368E+01  0.00000E+00  0.20368E+01  0.80987E+00
  0.62673E+00  0.20387E+01  0.00000E+00  0.20387E+01  0.80483E+00
  0.62733E+00  0.20215E+01  0.00000E+00  0.20215E+01  0.80418E+00
  0.62793E+00  0.20140E+01  0.00000E+00  0.20140E+01  0.80811E+00
  0.62853E+00  0.20308E+01  0.00000E+00  0.20308E+01  0.80167E+00
  0.62913E+00  0.20356E+01  0.00000E+00  0.20356E+01  0.79901E+00
  0.62973E+00  0.20534E+01  0.00000E+00  0.20534E+01  0.79774E+00
  0.63033E+00  0.20404E+01  0.00000E+00  0.20404E+01  0.80483E+00
  0.63093E+00  0.20438E+01  0.00000E+00  0.20438E+01  0.80976E+00
  0.63153E+00  0.20502E+01  0.00000E+00  0.20502E+01  0.80396E+00
  0.63213E+00  0.20301E+01  0.00000E+00  0.20301E+01  0.80724E+00
  0.63273E+00  0.20303E+01  0.00000E+00  0.20303E+01  0.81039E+00
  0.63333E+00  0.20627E+01  0.00000E+00  0.20627E+01  0.80019E+00
  0.63393E+00  0.20619E+01  0.00000E+00  0.20619E+01  0.80160E+00
  0.63453E+00  0.20846E+01  0.00000E+00  0.20846E+01  0.79874E+00
  0.63514E+00  0.20714E+01  0.00000E+00  0.20714E+01  0.80667E+00
  0.63574E+00  0.20750E+01  0.00000E+00  0.20750E+01  0.81250E+00
  0.63634E+00  0.20877E+01  0.00000E+00  0.20877E+01  0.80599E+00
  0.63694E+00  0.20680E+01  0.00000E+00  0.20680E+01  0.81042E+00
  0.63754E+00  0.20685E+01  0.00000E+00  0.20685E+01  0.81503E+00
  0.63814E+00  0.21093E+01  0.00000E+00  0.21093E+01  0.80360E+00
  0.63874E+00  0.21045E+01  0.00000E+00  0.21045E+01  0.80725E+00
  0.63934E+00  0.21271E+01  0.00000E+00  0.21271E+01  0.80358E+00
  0.63994E+00  0.21158E+01  0.00000E+00  0.21158E+01  0.80884E+00
  0.64054E+00  0.21163E+01  0.00000E+00  0.21163E+01  0.81530E+00
  0.64114E+00  0.21274E+01  0.00000E+00  0.21274E+01  0.81020E+00
  0.64174E+00  0.21153E+01  0.00000E+00  0.21153E+01  0.81042E+00
  0.64234E+00  0.21071E+01  0.00000E+00  0.21071E+01  0.81787E+00
  0.64294E+00  0.21371E+01  0.00000E+00  0.21371E+01  0.81145E+00
  0.64354E+00  0.21397E+01  0.00000E+00  0.21397E+01  0.81220E+00
  0.64414E+00  0.21584E+01  0.00000E+00  0.21584E+01  0.80892E+00
  0.64474E+00  0.21519E+01  0.00000E+00  0.21519E+01  0.80962E+00
  0.64535E+00  0.21435E+01  0.00000E+00  0.21435E+01  0.81735E+00
  0.64595E+00  0.21486E+01  0.00000E+00  0.21486E+01  0.81504E+00
  0.64655E+00  0.21566E+01  0.00000E+00  0.21566E+01  0.80549E+00
  0.64715E+00  0.21258E+01  0.00000E+00  0.21258E+01  0.81820E+00
  0.64775E+00  0.21400E+01  0.00000E+00  0.21400E+01  0.81676E+00
  0.64835E+00  0.21504E+01  0.00000E+00  0.21504E+01  0.81345E+00
  0.64895E+00  0.21618E+01  0.00000E+00  0.21618E+01  0.81133E+00
  0.64955E+00  0.21644E+01  0.00000E+00  0.21644E+01  0.80724E+00
  0.65015E+00  0.21596E+01  0.00000E+00  0.21596E+01  0.80913E+00
  0.65075E+00  0.21402E+01  0.00000E+00  0.21402E+01  0.81683E+00
  0.65135E+00  0.21603E+01  0.00000E+00  0.21603E+01  0.80326E+00
  0.65195E+00  0.21186E+01  0.00000E+00  0.21186E+01  0.81458E+00
  0.65255E+00  0.21170E+01  0.00000E+00  0.21170E+01  0.81805E+00
  0.65315E+00  0.21484E+01  0.00000E+00  0.21484E+01  0.80623E+00
  0.65375E+00  0.21347E+01  0.00000E+00  0.21347E+01  0.81224E+00
  0.65435E+00  0.21444E+01  0.00000E+00  0.21444E+01  0.80623E+00
  0.65495E+00  0.21206E+01  0.00000E+00  0.21206E+01  0.80844E+00
  0.65556E+00  0.21065E+01  0.00000E+00  0.21065E+01  0.81367E+00
  0.65616E+00  0.21091E+01  0.00000E+00  0.21091E+01  0.80838E+00
  0.65676E+00  0.21051E+01  0.00000E+00  0.21051E+01  0.80140E+00
  0.65736E+00  0.20775E+01  0.00000E+00  0.20775E+01  0.81252E+00
  0.65796E+00  0.20966E+01  0.00000E+00  0.20966E+01  0.80920E+00
  0.65856E+00  0.20903E+01  0.00000E+00  0.20903E+01  0.81118E+00
  0.65916E+00  0.20984E+01  0.00000E+00  0.20984E+01  0.80827E+00
  0.65976E+00  0.20945E+01  0.00000E+00  0.20945E+01  0.80261E+00
  0.66036E+00  0.20753E+01  0.00000E+00  0.20753E+01  0.80486E+00
  0.66096E+00  0.20598E+01  0.00000E+00  0.20598E+01  0.80892E+00
  0.66156E+00  0.20720E+01  0.00000E+00  0.20720E+01  0.79751E+00
  0.66216E+00  0.20448E+01  0.00000E+00  0.20448E+01  0.80089E+00
  0.66276E+00  0.20348E+01  0.00000E+00  0.20348E+01  0.80814E+00
  0.66336E+00  0.20784E+01  0.00000E+00  0.20784E+01  0.79465E+00
  0.66396E+00  0.20521E+01  0.00000E+00  0.20521E+01  0.80788E+00
  0.66456E+00  0.20632E+01  0.00000E+00  0.20632E+01  0.80393E+00
  0.66517E+00  0.20506E+01  0.00000E+00  0.20506E+01  0.80110E+00
  0.66577E+00  0.20306E+01  0.00000E+00  0.20306E+01  0.80666E+00
  0.66637E+00  0.20289E+01  0.00000E+00  0.20289E+01  0.80550E+00
  0.66697E+00  0.20454E+01  0.00000E+00  0.20454E+01  0.79267E+00
  0.66757E+00  0.20165E+01  0.00000E+00  0.20165E+01  0.79990E+00
  0.66817E+00  0.20187E+01  0.00000E+00  0.20187E+01  0.80473E+00
  0.66877E+00  0.20453E+01  0.00000E+00  0.20453E+01  0.79760E+00
  0.66937E+00  0.20391E+01  0.00000E+00  0.20391E+01  0.80603E+00
  0.66997E+00  0.20520E+01  0.00000E+00  0.20520E+01  0.80202E+00
  0.67057E+00  0.20413E+01  0.00000E+00  0.20413E+01  0.80018E+00
  0.67117E+00  0.20257E+01  0.00000E+00  0.20257E+01  0.80650E+00
  0.67177E+00  0.20302E+01  0.00000E+00  0.20302E+01  0.80494E+00
  0.67237E+00  0.20488E+01  0.00000E+00  0.20488E+01  0.79365E+00
  0.67297E+00  0.20455E+01  0.00000E+00  0.20455E+01  0.79363E+00
  0.67357E+00  0.20362E+01  0.00000E+00  0.20362E+01  0.80496E+00
  0.67417E+00  0.20581E+01  0.00000E+00  0.20581E+01  0.80093E+00
  0.67477E+00  0.20581E+01  0.00000E+00  0.20581E+01  0.80873E+00
  0.67538E+00  0.20729E+01  0.00000E+00  0.20729E+01  0.80518E+00
  0.67598E+00  0.20695E+01  0.00000E+00  0.20695E+01  0.80168E+00
  0.67658E+00  0.20535E+01  0.00000E+00  0.20535E+01  0.80869E+00
  0.67718E+00  0.20607E+01  0.00000E+00  0.20607E+01  0.80775E+00
  0.67778E+00  0.20816E+01  0.00000E+00  0.20816E+01  0.79793E+00
  0.67838E+00  0.21104E+01  0.00000E+00  0.21104E+01  0.78603E+00
  0.67898E+00  0.20769E+01  0.00000E+00  0.20769E+01  0.80718E+00
  0.67958E+00  0.21042E+01  0.00000E+00  0.21042E+01  0.80214E+00
  0.68018E+00  0.20982E+01  0.00000E+00  0.20982E+01  0.81311E+00
  0.68078E+00  0.21137E+01  0.00000E+00  0.21137E+01  0.81121E+00
  0.68138E+00  0.21137E+01  0.00000E+00  0.21137E+01  0.80729E+00
  0.68198E+00  0.20978E+01  0.00000E+00  0.20978E+01  0.81290E+00
  0.68258E+00  0.21022E+01  0.00000E+00  0.21022E+01  0.81360E+00
  0.68318E+00  0.21216E+01  0.00000E+00  0.21216E+01  0.80570E+00
  0.68378E+00  0.21412E+01  0.00000E+00  0.21412E+01  0.79640E+00
  0.68438E+00  0.21204E+01  0.00000E+00  0.21204E+01  0.80966E+00
  0.68498E+00  0.21583E+01  0.00000E+00  0.21583E+01  0.80119E+00
  0.68559E+00  0.21385E+01  0.00000E+00  0.21385E+01  0.81482E+00
  0.68619E+00  0.21508E+01  0.00000E+00  0.21508E+01  0.81544E+00
  0.68679E+00  0.21529E+01  0.00000E+00  0.21529E+01  0.81198E+00
  0.68739E+00  0.21385E+01  0.00000E+00  0.21385E+01  0.81399E+00
  0.68799E+00  0.21325E+01  0.00000E+00  0.21325E+01  0.81804E+00
  0.68859E+00  0.21447E+01  0.00000E+00  0.21447E+01  0.81371E+00
  0.68919E+00  0.21586E+01  0.00000E+00  0.21586E+01  0.80583E+00
  0.68979E+00  0.21477E+01  0.00000E+00  0.21477E+01  0.81067E+00
  0.69039E+00  0.21743E+01  0.00000E+00  0.21743E+01  0.80685E+00
  0.69099E+00  0.21620E+01  0.00000E+00  0.21620E+01  0.81257E+00
  0.69159E+00  0.21631E+01  0.00000E+00  0.21631E+01  0.81721E+00
  0.69219E+00  0.21676E+01  0.00000E+00  0.21676E+01  0.81426E+00
  0.69279E+00  0.21955E+01  0.00000E+00  0.21955E+01  0.79720E+00
  0.69339E+00  0.21380E+01  0.00000E+00  0.21380E+01  0.81689E+00
  0.69399E+00  0.21388E+01  0.00000E+00  0.21388E+01  0.81683E+00
  0.69459E+00  0.21510E+01  0.00000E+00  0.21510E+01  0.81018E+00
  0.69520E+00  0.21520E+01  0.00000E+00  0.21520E+01  0.80633E+00
  0.69580E+00  0.21495E+01  0.00000E+00  0.21495E+01  0.81031E+00
  0.69640E+00  0.21693E+01  0.00000E+00  0.21693E+01  0.80378E+00
  0.69700E+00  0.21447E+01  0.00000E+00  0.21447E+01  0.81540E+00
  0.69760E+00  0.21468E+01  0.00000E+00  0.21468E+01  0.81581E+00
  0.69820E+00  0.21445E+01  0.00000E+00  0.21445E+01  0.81064E+00
  0.69880E+00  0.21248E+01  0.00000E+00  0.21248E+01  0.81023E+00
  0.69940E+00  0.21079E+01  0.00000E+00  0.21079E+01  0.81497E+00
  0.70000E+00  0.21103E+01  0.00000E+00  0.21103E+01  0.81256E+00
  0.70060E+00  0.21238E+01  0.00000E+00  0.21238E+01  0.80384E+00
  0.70120E+00  0.21128E+01  0.00000E+00  0.21128E+01  0.80464E+00
  0.70180E+00  0.21227E+01  0.00000E+00  0.21227E+01  0.80344E+00
  0.70240E+00  0.21181E+01  0.00000E+00  0.21181E+01  0.80287E+00
  0.70300E+00  0.21014E+01  0.00000E+00  0.21014E+01  0.81214E+00
  0.70360E+00  0.21074E+01  0.00000E+00  0.21074E+01  0.80903E+00
  0.70420E+00  0.21083E+01  0.00000E+00  0.21083E+01  0.80134E+00
  0.70480E+00  0.20715E+01  0.00000E+00  0.20715E+01  0.80832E+00
  0.70541E+00  0.20603E+01  0.00000E+00  0.20603E+01  0.81150E+00
  0.70601E+00  0.20645E+01  0.00000E+00  0.20645E+01  0.80860E+00
  0.70661E+00  0.21182E+01  0.00000E+00  0.21182E+01  0.78468E+00
  0.70721E+00  0.20684E+01  0.00000E+00  0.20684E+01  0.80107E+00
  0.70781E+00  0.20822E+01  0.00000E+00  0.20822E+01  0.79716E+00
  0.70841E+00  0.20679E+01  0.00000E+00  0.20679E+01  0.79909E+00
  0.70901E+00  0.20544E+01  0.00000E+00  0.20544E+01  0.80696E+00
  0.70961E+00  0.20547E+01  0.00000E+00  0.20547E+01  0.80582E+00
  0.71021E+00  0.20741E+01  0.00000E+00  0.20741E+01  0.79172E+00
  0.71081E+00  0.20289E+01  0.00000E+00  0.20289E+01  0.80351E+00
  0.71141E+00  0.20208E+01  0.00000E+00  0.20208E+01  0.80745E+00
  0.71201E+00  0.20280E+01  0.00000E+00  0.20280E+01  0.80582E+00
  0.71261E+00  0.20700E+01  0.00000E+00  0.20700E+01  0.78804E+00
  0.71321E+00  0.20406E+01  0.00000E+00  0.20406E+01  0.79945E+00
  0.71381E+00  0.20556E+01  0.00000E+00  0.20556E+01  0.79565E+00
  0.71441E+00  0.20445E+01  0.00000E+00  0.20445E+01  0.79659E+00
  0.71502E+00  0.20305E+01  0.00000E+00  0.20305E+01  0.80489E+00
  0.71562E+00  0.20325E+01  0.00000E+00  0.20325E+01  0.80427E+00
  0.71622E+00  0.20511E+01  0.00000E+00  0.20511E+01  0.79199E+00
  0.71682E+00  0.20184E+01  0.00000E+00  0.20184E+01  0.79932E+00
  0.71742E+00  0.20101E+01  0.00000E+00  0.20101E+01  0.80472E+00
  0.71802E+00  0.20198E+01  0.00000E+00  0.20198E+01  0.80487E+00
  0.71862E+00  0.20802E+01  0.00000E+00  0.20802E+01  0.78390E+00
  0.71922E+00  0.20442E+01  0.00000E+00  0.20442E+01  0.79993E+00
  0.71982E+00  0.20600E+01  0.00000E+00  0.20600E+01  0.79778E+00
  0.72042E+00  0.20612E+01  0.00000E+00  0.20612E+01  0.79578E+00
  0.72102E+00  0.20433E+01  0.00000E+00  0.20433E+01  0.80550E+00
  0.72162E+00  0.20455E+01  0.00000E+00  0.20455E+01  0.80746E+00
  0.72222E+00  0.20575E+01  0.00000E+00  0.20575E+01  0.80051E+00
  0.72282E+00  0.20540E+01  0.00000E+00  0.20540E+01  0.79627E+00
  0.72342E+00  0.20338E+01  0.00000E+00  0.20338E+01  0.80587E+00
  0.72402E+00  0.20424E+01  0.00000E+00  0.20424E+01  0.80778E+00
  0.72462E+00  0.20784E+01  0.00000E+00  0.20784E+01  0.79945E+00
  0.72523E+00  0.20761E+01  0.00000E+00  0.20761E+01  0.80328E+00
  0.72583E+00  0.20915E+01  0.00000E+00  0.20915E+01  0.80241E+00
  0.72643E+00  0.21074E+01  0.00000E+00  0.21074E+01  0.79800E+00
  0.72703E+00  0.20893E+01  0.00000E+00  0.20893E+01  0.80488E+00
  0.72763E+00  0.20923E+01  0.00000E+00  0.20923E+01  0.80830E+00
  0.72823E+00  0.20929E+01  0.00000E+00  0.20929E+01  0.80910E+00
  0.72883E+00  0.21272E+01  0.00000E+00  0.21272E+01  0.79250E+00
  0.72943E+00  0.20836E+01  0.00000E+00  0.20836E+01  0.80723E+00
  0.73003E+00  0.20834E+01  0.00000E+00  0.20834E+01  0.81193E+00
  0.73063E+00  0.21016E+01  0.00000E+00  0.21016E+01  0.81125E+00
  0.73123E+00  0.21297E+01  0.00000E+00  0.21297E+01  0.80437E+00
  0.73183E+00  0.21316E+01  0.00000E+00  0.21316E+01  0.80920E+00
  0.73243E+00  0.21511E+01  0.00000E+00  0.21511E+01  0.80604E+00
  0.73303E+00  0.21504E+01  0.00000E+00  0.21504E+01  0.80443E+00
  0.73363E+00  0.21344E+01  0.00000E+00  0.21344E+01  0.81211E+00
  0.73423E+00  0.21345E+01  0.00000E+00  0.21345E+01  0.81475E+00
  0.73483E+00  0.21473E+01  0.00000E+00  0.21473E+01  0.80867E+00
  0.73544E+00  0.21578E+01  0.00000E+00  0.21578E+01  0.79938E+00
  0.73604E+00  0.21253E+01  0.00000E+00  0.21253E+01  0.81189E+00
  0.73664E+00  0.21297E+01  0.00000E+00  0.21297E+01  0.81503E+00
  0.73724E+00  0.21624E+01  0.00000E+00  0.21624E+01  0.80876E+00
  0.73784E+00  0.21607E+01  0.00000E+00  0.21607E+01  0.81228E+00
  0.73844E+00  0.21722E+01  0.00000E+00  0.21722E+01  0.81276E+00
  0.73904E+00  0.21871E+01  0.00000E+00  0.21871E+01  0.80898E+00
  0.73964E+00  0.21753E+01  0.00000E+00  0.21753E+01  0.80984E+00
  0.74024E+00  0.22072E+01  0.00000E+00  0.22072E+01  0.79903E+00
  0.74084E+00  0.21597E+01  0.00000E+00  0.21597E+01  0.81724E+00
  0.74144E+00  0.21746E+01  0.00000E+00  0.21746E+01  0.80838E+00
  0.74204E+00  0.21698E+01  0.00000E+00  0.21698E+01  0.80319E+00
  0.74264E+00  0.21414E+01  0.00000E+00  0.21414E+01  0.81307E+00
  0.74324E+00  0.21566E+01  0.00000E+00  0.21566E+01  0.81055E+00
  0.74384E+00  0.21913E+01  0.00000E+00  0.21913E+01  0.80183E+00
  0.74444E+00  0.21662E+01  0.00000E+00  0.21662E+01  0.81246E+00
  0.74505E+00  0.21753E+01  0.00000E+00  0.21753E+01  0.81217E+00
  0.74565E+00  0.21842E+01  0.00000E+00  0.21842E+01  0.80839E+00
  0.74625E+00  0.21679E+01  0.00000E+00  0.21679E+01  0.80933E+00
  0.74685E+00  0.21524E+01  0.00000E+00  0.21524E+01  0.81453E+00
  0.74745E+00  0.21453E+01  0.00000E+00  0.21453E+01  0.81684E+00
  0.74805E+00  0.21572E+01  0.00000E+00  0.21572E+01  0.80849E+00
  0.74865E+00  0.21553E+01  0.00000E+00  0.21553E+01  0.80128E+00
  0.74925E+00  0.21219E+01  0.00000E+00  0.21219E+01  0.81120E+00
  0.74985E+00  0.21222E+01  0.00000E+00  0.21222E+01  0.81287E+00
  0.75045E+00  0.21628E+01  0.00000E+00  0.21628E+01  0.80041E+00
  0.75105E+00  0.21368E+01  0.00000E+00  0.21368E+01  0.80971E+00
  0.75165E+00  0.21412E+01  0.00000E+00  0.21412E+01  0.80979E+00
  0.75225E+00  0.21474E+01  0.00000E+00  0.21474E+01  0.80572E+00
  0.75285E+00  0.21325E+01  0.00000E+00  0.21325E+01  0.80435E+00
  0.75345E+00  0.21154E+01  0.00000E+00  0.21154E+01  0.80750E+00
  0.75405E+00  0.21007E+01  0.00000E+00  0.21007E+01  0.81223E+00
  0.75465E+00  0.21062E+01  0.00000E+00  0.21062E+01  0.80685E+00
  0.75526E+00  0.21178E+01  0.00000E+00  0.21178E+01  0.79538E+00
  0.75586E+00  0.20813E+01  0.00000E+00  0.20813E+01  0.80442E+00
  0.75646E+00  0.20758E+01  0.00000E+00  0.20758E+01  0.80766E+00
  0.75706E+00  0.20985E+01  0.00000E+00  0.20985E+01  0.80229E+00
  0.75766E+00  0.20932E+01  0.00000E+00  0.20932E+01  0.80315E+00
  0.75826E+00  0.20890E+01  0.00000E+00  0.20890E+01  0.80718E+00
  0.75886E+00  0.20958E+01  0.00000E+00  0.20958E+01  0.80406E+00
  0.75946E+00  0.20892E+01  0.00000E+00  0.20892E+01  0.80033E+00
  0.76006E+00  0.20974E+01  0.00000E+00  0.20974E+01  0.79112E+00
  0.76066E+00  0.20513E+01  0.00000E+00  0.20513E+01  0.80708E+00
  0.76126E+00  0.20505E+01  0.00000E+00  0.20505E+01  0.80532E+00
  0.76186E+00  0.20655E+01  0.00000E+00  0.20655E+01  0.79475E+00
  0.76246E+00  0.20505E+01  0.00000E+00  0.20505E+01  0.79357E+00
  0.76306E+00  0.20340E+01  0.00000E+00  0.20340E+01  0.79962E+00
  0.76366E+00  0.20379E+01  0.00000E+00  0.20379E+01  0.80189E+00
  0.76426E+00  0.20754E+01  0.00000E+00  0.20754E+01  0.78859E+00
  0.76486E+00  0.20460E+01  0.00000E+00  0.20460E+01  0.80266E+00
  0.76547E+00  0.20530E+01  0.00000E+00  0.20530E+01  0.80273E+00
  0.76607E+00  0.20577E+01  0.00000E+00  0.20577E+01  0.79920E+00
  0.76667E+00  0.20456E+01  0.00000E+00  0.20456E+01  0.79757E+00
  0.76727E+00  0.20271E+01  0.00000E+00  0.20271E+01  0.80189E+00
  0.76787E+00  0.20193E+01  0.00000E+00  0.20193E+01  0.80513E+00
  0.76847E+00  0.20265E+01  0.00000E+00  0.20265E+01  0.80107E+00
  0.76907E+00  0.20413E+01  0.00000E+00  0.20413E+01  0.79105E+00
  0.76967E+00  0.20221E+01  0.00000E+00  0.20221E+01  0.79447E+00
  0.77027E+00  0.20139E+01  0.00000E+00  0.20139E+01  0.80012E+00
  0.77087E+00  0.20395E+01  0.00000E+00  0.20395E+01  0.79579E+00
  0.77147E+00  0.20476E+01  0.00000E+00  0.20476E+01  0.79302E+00
  0.77207E+00  0.20380E+01  0.00000E+00  0.20380E+01  0.80194E+00
  0.77267E+00  0.20486E+01  0.00000E+00  0.20486E+01  0.80099E+00
  0.77327E+00  0.20529E+01  0.00000E+00  0.20529E+01  0.79763E+00
  0.77387E+00  0.20564E+01  0.00000E+00  0.20564E+01  0.79198E+00
  0.77447E+00  0.20290E+01  0.00000E+00  0.20290E+01  0.80228E+00
  0.77508E+00  0.20280E+01  0.00000E+00  0.20280E+01  0.80506E+00
  0.77568E+00  0.20400E+01  0.00000E+00  0.20400E+01  0.80140E+00
  0.77628E+00  0.20546E+01  0.00000E+00  0.20546E+01  0.79387E+00
  0.77688E+00  0.20437E+01  0.00000E+00  0.20437E+01  0.79682E+00
  0.77748E+00  0.20397E+01  0.00000E+00  0.20397E+01  0.80283E+00
  0.77808E+00  0.20731E+01  0.00000E+00  0.20731E+01  0.79661E+00
  0.77868E+00  0.20722E+01  0.00000E+00  0.20722E+01  0.79796E+00
  0.77928E+00  0.20673E+01  0.00000E+00  0.20673E+01  0.80588E+00
  0.77988E+00  0.20790E+01  0.00000E+00  0.20790E+01  0.80498E+00
  0.78048E+00  0.20850E+01  0.00000E+00  0.20850E+01  0.80150E+00
  0.78108E+00  0.21170E+01  0.00000E+00  0.21170E+01  0.78584E+00
  0.78168E+00  0.20681E+01  0.00000E+00  0.20681E+01  0.80445E+00
  0.78228E+00  0.20693E+01  0.00000E+00  0.20693E+01  0.80731E+00
  0.78288E+00  0.20822E+01  0.00000E+00  0.20822E+01  0.80505E+00
  0.78348E+00  0.20990E+01  0.00000E+00  0.20990E+01  0.79899E+00
  0.78408E+00  0.21010E+01  0.00000E+00  0.21010E+01  0.79819E+00
  0.78468E+00  0.20925E+01  0.00000E+00  0.20925E+01  0.80592E+00
  0.78529E+00  0.21211E+01  0.00000E+00  0.21211E+01  0.80241E+00
  0.78589E+00  0.21291E+01  0.00000E+00  0.21291E+01  0.80072E+00
  0.78649E+00  0.21173E+01  0.00000E+00  0.21173E+01  0.81096E+00
  0.78709E+00  0.21269E+01  0.00000E+00  0.21269E+01  0.81159E+00
  0.78769E+00  0.21343E+01  0.00000E+00  0.21343E+01  0.80862E+00
  0.78829E+00  0.21500E+01  0.00000E+00  0.21500E+01  0.79918E+00
  0.78889E+00  0.21212E+01  0.00000E+00  0.21212E+01  0.80826E+00
  0.78949E+00  0.21189E+01  0.00000E+00  0.21189E+01  0.81169E+00
  0.79009E+00  0.21285E+01  0.00000E+00  0.21285E+01  0.81109E+00
  0.79069E+00  0.21451E+01  0.00000E+00  0.21451E+01  0.80630E+00
  0.79129E+00  0.21543E+01  0.00000E+00  0.21543E+01  0.80262E+00
  0.79189E+00  0.21468E+01  0.00000E+00  0.21468E+01  0.80744E+00
  0.79249E+00  0.21614E+01  0.00000E+00  0.21614E+01  0.80816E+00
  0.79309E+00  0.21880E+01  0.00000E+00  0.21880E+01  0.80060E+00
  0.79369E+00  0.21646E+01  0.00000E+00  0.21646E+01  0.81173E+00
  0.79429E+00  0.21660E+01  0.00000E+00  0.21660E+01  0.81552E+00
  0.79489E+00  0.21723E+01  0.00000E+00  0.21723E+01  0.81395E+00
  0.79550E+00  0.21778E+01  0.00000E+00  0.21778E+01  0.80844E+00
  0.79610E+00  0.21698E+01  0.00000E+00  0.21698E+01  0.80673E+00
  0.79670E+00  0.21520E+01  0.00000E+00  0.21520E+01  0.81340E+00
  0.79730E+00  0.21540E+01  0.00000E+00  0.21540E+01  0.81497E+00
  0.79790E+00  0.21649E+01  0.00000E+00  0.21649E+01  0.81287E+00
  0.79850E+00  0.21778E+01  0.00000E+00  0.21778E+01  0.80832E+00
  0.79910E+00  0.21847E+01  0.00000E+00  0.21847E+01  0.80496E+00
  0.79970E+00  0.21772E+01  0.00000E+00  0.21772E+01  0.81080E+00
  0.80030E+00  0.22001E+01  0.00000E+00  0.22001E+01  0.80641E+00
  0.80090E+00  0.21961E+01  0.00000E+00  0.21961E+01  0.80613E+00
  0.80150E+00  0.21778E+01  0.00000E+00  0.21778E+01  0.81526E+00
  0.80210E+00  0.21782E+01  0.00000E+00  0.21782E+01  0.81649E+00
  0.80270E+00  0.21793E+01  0.00000E+00  0.21793E+01  0.81344E+00
  0.80330E+00  0.21993E+01  0.00000E+00  0.21993E+01  0.80007E+00
  0.80390E+00  0.21593E+01  0.00000E+00  0.21593E+01  0.80891E+00
  0.80450E+00  0.21476E+01  0.00000E+00  0.21476E+01  0.81231E+00
  0.80511E+00  0.21486E+01  0.00000E+00  0.21486E+01  0.81299E+00
  0.80571E+00  0.21570E+01  0.00000E+00  0.21570E+01  0.81073E+00
  0.80631E+00  0.21706E+01  0.00000E+00  0.21706E+01  0.80548E+00
  0.80691E+00  0.21649E+01  0.00000E+00  0.21649E+01  0.80672E+00
  0.80751E+00  0.21661E+01  0.00000E+00  0.21661E+01  0.80880E+00
  0.80811E+00  0.21853E+01  0.00000E+00  0.21853E+01  0.80355E+00
  0.80871E+00  0.21693E+01  0.00000E+00  0.21693E+01  0.80637E+00
  0.80931E+00  0.21509E+01  0.00000E+00  0.21509E+01  0.81444E+00
  0.80991E+00  0.21479E+01  0.00000E+00  0.21479E+01  0.81536E+00
  0.81051E+00  0.21486E+01  0.00000E+00  0.21486E+01  0.81081E+00
  0.81111E+00  0.21788E+01  0.00000E+00  0.21788E+01  0.79212E+00
  0.81171E+00  0.21213E+01  0.00000E+00  0.21213E+01  0.80602E+00
  0.81231E+00  0.21077E+01  0.00000E+00  0.21077E+01  0.80840E+00
  0.81291E+00  0.21063E+01  0.00000E+00  0.21063E+01  0.80842E+00
  0.81351E+00  0.21120E+01  0.00000E+00  0.21120E+01  0.80605E+00
  0.81411E+00  0.21325E+01  0.00000E+00  0.21325E+01  0.79775E+00
  0.81471E+00  0.21193E+01  0.00000E+00  0.21193E+01  0.80114E+00
  0.81532E+00  0.21204E+01  0.00000E+00  0.21204E+01  0.80245E+00
  0.81592E+00  0.21351E+01  0.00000E+00  0.21351E+01  0.79833E+00
  0.81652E+00  0.21219E+01  0.00000E+00  0.21219E+01  0.79966E+00
  0.81712E+00  0.20994E+01  0.00000E+00  0.20994E+01  0.80867E+00
  0.81772E+00  0.20932E+01  0.00000E+00  0.20932E+01  0.81131E+00
  0.81832E+00  0.20915E+01  0.00000E+00  0.20915E+01  0.80865E+00
  0.81892E+00  0.21131E+01  0.00000E+00  0.21131E+01  0.79376E+00
  0.81952E+00  0.20738E+01  0.00000E+00  0.20738E+01  0.80035E+00
  0.82012E+00  0.20545E+01  0.00000E+00  0.20545E+01  0.80417E+00
  0.82072E+00  0.20511E+01  0.00000E+00  0.20511E+01  0.80460E+00
  0.82132E+00  0.20553E+01  0.00000E+00  0.20553E+01  0.80285E+00
  0.82192E+00  0.20713E+01  0.00000E+00  0.20713E+01  0.79649E+00
  0.82252E+00  0.20697E+01  0.00000E+00  0.20697E+01  0.79533E+00
  0.82312E+00  0.20685E+01  0.00000E+00  0.20685E+01  0.79670E+00
  0.82372E+00  0.20800E+01  0.00000E+00  0.20800E+01  0.79411E+00
  0.82432E+00  0.20805E+01  0.00000E+00  0.20805E+01  0.79117E+00
  0.82492E+00  0.20554E+01  0.00000E+00  0.20554E+01  0.79939E+00
  0.82553E+00  0.20444E+01  0.00000E+00  0.20444E+01  0.80514E+00
  0.82613E+00  0.20464E+01  0.00000E+00  0.20464E+01  0.80358E+00
  0.82673E+00  0.20496E+01  0.00000E+00  0.20496E+01  0.79828E+00
  0.82733E+00  0.20623E+01  0.00000E+00  0.20623E+01  0.78591E+00
  0.82793E+00  0.20188E+01  0.00000E+00  0.20188E+01  0.79877E+00
  0.82853E+00  0.20123E+01  0.00000E+00  0.20123E+01  0.80092E+00
  0.82913E+00  0.20157E+01  0.00000E+00  0.20157E+01  0.80104E+00
  0.82973E+00  0.20269E+01  0.00000E+00  0.20269E+01  0.79842E+00
  0.83033E+00  0.20701E+01  0.00000E+00  0.20701E+01  0.78161E+00
  0.83093E+00  0.20397E+01  0.00000E+00  0.20397E+01  0.79493E+00
  0.83153E+00  0.20484E+01  0.00000E+00  0.20484E+01  0.79411E+00
  0.83213E+00  0.20612E+01  0.00000E+00  0.20612E+01  0.79022E+00
  0.83273E+00  0.20500E+01  0.00000E+00  0.20500E+01  0.79153E+00
  0.83333E+00  0.20308E+01  0.00000E+00  0.20308E+01  0.79997E+00
  0.83393E+00  0.20258E+01  0.00000E+00  0.20258E+01  0.80407E+00
  0.83453E+00  0.20279E+01  0.00000E+00  0.20279E+01  0.80276E+00
  0.83514E+00  0.20515E+01  0.00000E+00  0.20515E+01  0.79026E+00
  0.83574E+00  0.20358E+01  0.00000E+00  0.20358E+01  0.79007E+00
  0.83634E+00  0.20112E+01  0.00000E+00  0.20112E+01  0.79826E+00
  0.83694E+00  0.20111E+01  0.00000E+00  0.20111E+01  0.80013E+00
  0.83754E+00  0.20201E+01  0.00000E+00  0.20201E+01  0.80015E+00
  0.83814E+00  0.20434E+01  0.00000E+00  0.20434E+01  0.79512E+00
  0.83874E+00  0.20563E+01  0.00000E+00  0.20563E+01  0.79162E+00
  0.83934E+00  0.20547E+01  0.00000E+00  0.20547E+01  0.79614E+00
  0.83994E+00  0.20680E+01  0.00000E+00  0.20680E+01  0.79497E+00
  0.84054E+00  0.20803E+01  0.00000E+00  0.20803E+01  0.79174E+00
  0.84114E+00  0.20693E+01  0.00000E+00  0.20693E+01  0.79422E+00
  0.84174E+00  0.20538E+01  0.00000E+00  0.20538E+01  0.80245E+00
  0.84234E+00  0.21103E+01  0.00000E+00  0.21103E+01  0.78423E+00
  0.84294E+00  0.20558E+01  0.00000E+00  0.20558E+01  0.80610E+00
  0.84354E+00  0.20830E+01  0.00000E+00  0.20830E+01  0.79399E+00
  0.84414E+00  0.20719E+01  0.00000E+00  0.20719E+01  0.79336E+00
  0.84474E+00  0.20470E+01  0.00000E+00  0.20470E+01  0.80257E+00
  0.84535E+00  0.20483E+01  0.00000E+00  0.20483E+01  0.80469E+00
  0.84595E+00  0.20598E+01  0.00000E+00  0.20598E+01  0.80464E+00
  0.84655E+00  0.20885E+01  0.00000E+00  0.20885E+01  0.79863E+00
  0.84715E+00  0.21030E+01  0.00000E+00  0.21030E+01  0.79517E+00
  0.84775E+00  0.21017E+01  0.00000E+00  0.21017E+01  0.80041E+00
  0.84835E+00  0.21165E+01  0.00000E+00  0.21165E+01  0.79913E+00
  0.84895E+00  0.21303E+01  0.00000E+00  0.21303E+01  0.79609E+00
  0.84955E+00  0.21252E+01  0.00000E+00  0.21252E+01  0.79661E+00
  0.85015E+00  0.21098E+01  0.00000E+00  0.21098E+01  0.80383E+00
  0.85075E+00  0.21275E+01  0.00000E+00  0.21275E+01  0.80096E+00
  0.85135E+00  0.21083E+01  0.00000E+00  0.21083E+01  0.81092E+00
  0.85195E+00  0.21273E+01  0.00000E+00  0.21273E+01  0.80395E+00
  0.85255E+00  0.21452E+01  0.00000E+00  0.21452E+01  0.79387E+00
  0.85315E+00  0.21081E+01  0.00000E+00  0.21081E+01  0.80653E+00
  0.85375E+00  0.21031E+01  0.00000E+00  0.21031E+01  0.81073E+00
  0.85435E+00  0.21117E+01  0.00000E+00  0.21117E+01  0.81170E+00
  0.85495E+00  0.21347E+01  0.00000E+00  0.21347E+01  0.80808E+00
  0.85556E+00  0.21816E+01  0.00000E+00  0.21816E+01  0.79303E+00
  0.85616E+00  0.21544E+01  0.00000E+00  0.21544E+01  0.80711E+00
  0.85676E+00  0.21666E+01  0.00000E+00  0.21666E+01  0.80644E+00
  0.85736E+00  0.21811E+01  0.00000E+00  0.21811E+01  0.80345E+00
  0.85796E+00  0.21850E+01  0.00000E+00  0.21850E+01  0.80077E+00
  0.85856E+00  0.21712E+01  0.00000E+00  0.21712E+01  0.80399E+00
  0.85916E+00  0.21622E+01  0.00000E+00  0.21622E+01  0.80923E+00
  0.85976E+00  0.21575E+01  0.00000E+00  0.21575E+01  0.81369E+00
  0.86036E+00  0.21652E+01  0.00000E+00  0.21652E+01  0.81198E+00
  0.86096E+00  0.21921E+01  0.00000E+00  0.21921E+01  0.80077E+00
  0.86156E+00  0.21775E+01  0.00000E+00  0.21775E+01  0.80203E+00
  0.86216E+00  0.21516E+01  0.00000E+00  0.21516E+01  0.81147E+00
  0.86276E+00  0.21499E+01  0.00000E+00  0.21499E+01  0.81469E+00
  0.86336E+00  0.21615E+01  0.00000E+00  0.21615E+01  0.81447E+00
  0.86396E+00  0.21992E+01  0.00000E+00  0.21992E+01  0.80505E+00
  0.86456E+00  0.21960E+01  0.00000E+00  0.21960E+01  0.80670E+00
  0.86517E+00  0.21918E+01  0.00000E+00  0.21918E+01  0.81190E+00
  0.86577E+00  0.22029E+01  0.00000E+00  0.22029E+01  0.81029E+00
  0.86637E+00  0.22126E+01  0.00000E+00  0.22126E+01  0.80683E+00
  0.86697E+00  0.22091E+01  0.00000E+00  0.22091E+01  0.80465E+00
  0.86757E+00  0.21930E+01  0.00000E+00  0.21930E+01  0.80770E+00
  0.86817E+00  0.21839E+01  0.00000E+00  0.21839E+01  0.81153E+00
  0.86877E+00  0.21776E+01  0.00000E+00  0.21776E+01  0.81516E+00
  0.86937E+00  0.21851E+01  0.00000E+00  0.21851E+01  0.81226E+00
  0.86997E+00  0.22074E+01  0.00000E+00  0.22074E+01  0.80156E+00
  0.87057E+00  0.21893E+01  0.00000E+00  0.21893E+01  0.80321E+00
  0.87117E+00  0.21628E+01  0.00000E+00  0.21628E+01  0.81170E+00
  0.87177E+00  0.21584E+01  0.00000E+00  0.21584E+01  0.81470E+00
  0.87237E+00  0.21696E+01  0.00000E+00  0.21696E+01  0.81323E+00
  0.87297E+00  0.22100E+01  0.00000E+00  0.22100E+01  0.80116E+00
  0.87357E+00  0.21921E+01  0.00000E+00  0.21921E+01  0.80646E+00
  0.87417E+00  0.21851E+01  0.00000E+00  0.21851E+01  0.81131E+00
  0.87477E+00  0.21921E+01  0.00000E+00  0.21921E+01  0.80973E+00
  0.87538E+00  0.21978E+01  0.00000E+00  0.21978E+01  0.80626E+00
  0.87598E+00  0.21923E+01  0.00000E+00  0.21923E+01  0.80351E+00
  0.87658E+00  0.21756E+01  0.00000E+00  0.21756E+01  0.80496E+00
  0.87718E+00  0.21619E+01  0.00000E+00  0.21619E+01  0.80863E+00
  0.87778E+00  0.21530E+01  0.00000E+00  0.21530E+01  0.81218E+00
  0.87838E+00  0.21561E+01  0.00000E+00  0.21561E+01  0.81057E+00
  0.87898E+00  0.21721E+01  0.00000E+00  0.21721E+01  0.80233E+00
  0.87958E+00  0.21681E+01  0.00000E+00  0.21681E+01  0.79865E+00
  0.88018E+00  0.21372E+01  0.00000E+00  0.21372E+01  0.80717E+00
  0.88078E+00  0.21255E+01  0.00000E+00  0.21255E+01  0.81183E+00
  0.88138E+00  0.21314E+01  0.00000E+00  0.21314E+01  0.81143E+00
  0.88198E+00  0.21595E+01  0.00000E+00  0.21595E+01  0.80312E+00
  0.88258E+00  0.21632E+01  0.00000E+00  0.21632E+01  0.79882E+00
  0.88318E+00  0.21406E+01  0.00000E+00  0.21406E+01  0.80812E+00
  0.88378E+00  0.21427E+01  0.00000E+00  0.21427E+01  0.80744E+00
  0.88438E+00  0.21465E+01  0.00000E+00  0.21465E+01  0.80400E+00
  0.88498E+00  0.21436E+01  0.00000E+00  0.21436E+01  0.79992E+00
  0.88559E+00  0.21294E+01  0.00000E+00  0.21294E+01  0.79833E+00
  0.88619E+00  0.21268E+01  0.00000E+00  0.21268E+01  0.79480E+00
  0.88679E+00  0.20992E+01  0.00000E+00  0.20992E+01  0.80403E+00
  0.88739E+00  0.20963E+01  0.00000E+00  0.20963E+01  0.80466E+00
  0.88799E+00  0.21042E+01  0.00000E+00  0.21042E+01  0.80044E+00
  0.88859E+00  0.21162E+01  0.00000E+00  0.21162E+01  0.79264E+00
  0.88919E+00  0.20976E+01  0.00000E+00  0.20976E+01  0.79517E+00
  0.88979E+00  0.20748E+01  0.00000E+00  0.20748E+01  0.80297E+00
  0.89039E+00  0.21089E+01  0.00000E+00  0.21089E+01  0.79200E+00
  0.89099E+00  0.20832E+01  0.00000E+00  0.20832E+01  0.80479E+00
  0.89159E+00  0.21234E+01  0.00000E+00  0.21234E+01  0.79030E+00
  0.89219E+00  0.20907E+01  0.00000E+00  0.20907E+01  0.80074E+00
  0.89279E+00  0.20818E+01  0.00000E+00  0.20818E+01  0.80531E+00
  0.89339E+00  0.20845E+01  0.00000E+00  0.20845E+01  0.80369E+00
  0.89399E+00  0.20861E+01  0.00000E+00  0.20861E+01  0.79976E+00
  0.89459E+00  0.20801E+01  0.00000E+00  0.20801E+01  0.79561E+00
  0.89520E+00  0.20696E+01  0.00000E+00  0.20696E+01  0.79248E+00
  0.89580E+00  0.20507E+01  0.00000E+00  0.20507E+01  0.79537E+00
  0.89640E+00  0.20406E+01  0.00000E+00  0.20406E+01  0.79797E+00
  0.89700E+00  0.20405E+01  0.00000E+00  0.20405E+01  0.79753E+00
  0.89760E+00  0.20499E+01  0.00000E+00  0.20499E+01  0.79279E+00
  0.89820E+00  0.20595E+01  0.00000E+00  0.20595E+01  0.78622E+00
  0.89880E+00  0.20451E+01  0.00000E+00  0.20451E+01  0.78834E+00
  0.89940E+00  0.20275E+01  0.00000E+00  0.20275E+01  0.79532E+00
  0.90000E+00  0.20270E+01  0.00000E+00  0.20270E+01  0.79879E+00
